25544 98 067A   7779 E 20180808120000000 17 25 1414084+105146 37
25544 98 067A   7779 E 20180808120020000 17 25 1417922+104686 37
25544 98 067A   7779 E 20180808120040000 17 25 1421751+104129 37
25544 98 067A   7779 E 20180808120100000 17 25 1425570+103476 37
25544 98 067A   7779 E 20180808120120000 17 25 1429376+102727 37
25544 98 067A   7779 E 20180808120140000 17 25 1433170+101884 37
25544 98 067A   7779 E 20180808120200000 17 25 1436950+100947 37
25544 98 067A   7779 E 20180808120220000 17 25 1440714+095917 37
25544 98 067A   7779 E 20180808120240000 17 25 1444460+094794 37
25544 98 067A   7779 E 20180808120300000 17 25 1448189+093580 37
25544 98 067A   7779 E 20180808120320000 17 25 1451899+092275 37
25544 98 067A   7779 E 20180808120340000 17 25 1455588+090880 37
25544 98 067A   7779 E 20180808120400000 17 25 1459256+085396 37
25544 98 067A   7779 E 20180808120420000 17 25 1502902+083825 37
25544 98 067A   7779 E 20180808120440000 17 25 1506525+082167 37
25544 98 067A   7779 E 20180808120500000 17 25 1510124+080424 37
25544 98 067A   7779 E 20180808120520000 17 25 1513697+074596 37
25544 98 067A   7779 E 20180808120540000 17 25 1517245+072686 37
25544 98 067A   7779 E 20180808120600000 17 25 1520766+070692 37
25544 98 067A   7779 E 20180808120620000 17 25 1524260+064619 37
25544 98 067A   7779 E 20180808120640000 17 25 1527726+062466 37
25544 98 067A   7779 E 20180808120700000 17 25 1531164+060234 37
25544 98 067A   7779 E 20180808120720000 17 25 1534572+053926 37
25544 98 067A   7779 E 20180808120740000 17 25 1537951+051542 37
25544 98 067A   7779 E 20180808120800000 17 25 1541300+045083 37
25544 98 067A   7779 E 20180808120820000 17 25 1544619+042552 37
25544 98 067A   7779 E 20180808120840000 17 25 1547906+035949 37
25544 98 067A   7779 E 20180808120900000 17 25 1551163+033275 37
25544 98 067A   7779 E 20180808120920000 17 25 1554388+030532 37
25544 98 067A   7779 E 20180808120940000 17 25 1557581+023722 37
25544 98 067A   7779 E 20180808121000000 17 25 1600742+020845 37