00433         C2016 03 12.09307 20 02 33.69 -25 45 26.1          15.2 Ro~1oexK95
00433         C2016 03 12.09419 20 02 33.85 -25 45 25.5          15.3 Ro~1oexK95
00433         C2016 03 12.09529 20 02 34.01 -25 45 25.1          15.3 Ro~1oexK95
00433         C2016 03 12.10012 20 02 34.68 -25 45 22.7          15.3 Ro~1oexK95
00433         C2016 03 12.10132 20 02 34.84 -25 45 22.2          15.3 Ro~1oexK95
00433         C2016 03 12.10473 20 02 35.33 -25 45 20.5          15.2 Ro~1oexK95
00433         C2016 03 18.10589 20 16 25.68 -24 53 30.8          14.2 Ro~1oexK95
00433         C2016 03 18.11012 20 16 26.24 -24 53 28.7          14.4 Ro~1oexK95
00433         C2016 03 19.25097 20 19 00.78 -24 43 13.6          14.6 Rr~1oexY00
00433         C2016 03 19.26318 20 19 02.39 -24 43 07.2          14.3 Rr~1oexY00
00433         C2016 03 19.27580 20 19 04.09 -24 43 00.4          14.3 Rr~1oexY00
00433         C2016 03 20.26872 20 21 17.62 -24 33 59.3          14.4 Rq~1oexY00
00433         C2016 03 20.27797 20 21 18.84 -24 33 54.3          14.3 Rq~1oexY00
00433         C2016 03 20.28725 20 21 20.09 -24 33 49.2          14.3 Rq~1oexY00
00433         C2016 04 07.23026 20 59 10.74 -21 37 09.3          15.0 Rr~1qFcY00
00433         C2016 04 07.24223 20 59 12.18 -21 37 01.6          14.7 Rr~1qFcY00
00433         C2016 04 07.25629 20 59 13.85 -21 36 53.1          14.2 Rr~1qFcY00
00433         C2016 04 08.32559 21 01 20.37 -21 25 41.8          15.3 Rq~1qFcY00
00433         C2016 04 08.33482 21 01 21.44 -21 25 36.1          15.4 Rq~1qFcY00
00433         C2016 04 08.34408 21 01 22.51 -21 25 30.3          15.0 Rq~1qFcY00
00433         C2016 04 09.33334 21 03 18.75 -21 15 05.0          15.3 Rq~1qqvY00
00433         C2016 04 09.34244 21 03 19.82 -21 14 59.3          15.0 Rq~1qqvY00
00433         C2016 04 09.35169 21 03 20.90 -21 14 53.6          14.8 Rq~1qqvY00
00433         C2016 04 18.27424 21 20 09.92 -19 38 48.3          14.5 Rq~1rSXY00
00433         C2016 04 18.28346 21 20 10.92 -19 38 42.3          14.6 Rq~1rSXY00
00433         C2016 04 18.29266 21 20 11.91 -19 38 36.2          14.9 Rq~1rSXY00
00433         C2016 04 23.20473 21 28 57.00 -18 44 21.1          14.3 Rr~1rfaY00
00433         C2016 04 23.21486 21 28 58.06 -18 44 14.4          14.2 Rr~1rfaY00
00433         C2016 04 23.22499 21 28 59.12 -18 44 07.7          14.3 Rr~1rfaY00
00433         C2016 04 26.22305 21 34 08.76 -18 10 39.4          15.2 Rq~1rfaY00
00433         C2016 04 26.23219 21 34 09.66 -18 10 33.5          14.9 Rq~1rfaY00
00433         C2016 04 26.24129 21 34 10.57 -18 10 27.4          14.6 Rq~1rfaY00
00433         C2016 05 11.44317 21 58 06.89 -15 18 21.7          14.0 rR~1sfJG45
00433         C2016 05 11.44869 21 58 07.35 -15 18 18.1          14.0 rR~1sfJG45
00433         C2016 05 11.45408 21 58 07.82 -15 18 14.3          14.4 rR~1sfJG45
00433         C2016 05 11.45998 21 58 08.32 -15 18 10.3          14.4 rR~1sfJG45
00433         C2016 05 12.33983 21 59 24.12 -15 08 04.8          14.3 Rq~1sfJY00
00433         C2016 05 12.34907 21 59 24.88 -15 07 58.6          14.6 Rq~1sfJY00
00433         C2016 05 12.35845 21 59 25.67 -15 07 52.0          14.6 Rq~1sfJY00
00433         C2016 05 13.44471 22 00 58.28 -14 55 34.6          14.5 rR~1t5NG45
00433         C2016 05 13.44505 22 00 58.31 -14 55 34.1          14.5 rR~1t5NG45
00433         C2016 05 13.45044 22 00 58.77 -14 55 30.7          14.6 rR~1t5NG45
00433         C2016 05 13.45071 22 00 58.78 -14 55 30.5          14.6 rR~1t5NG45
00433         C2016 05 13.45593 22 00 59.20 -14 55 26.8          14.8 rR~1t5NG45
00433         C2016 05 13.45627 22 00 59.25 -14 55 26.8          14.7 rR~1t5NG45
00433         C2016 05 13.46142 22 00 59.67 -14 55 23.4          14.8 rR~1t5NG45
00433         C2016 05 13.46176 22 00 59.70 -14 55 23.0          14.9 rR~1t5NG45
00433         C2016 05 17.40662 22 06 24.68 -14 10 30.0          14.5 rR~1t5NG45
00433         C2016 05 17.41238 22 06 25.14 -14 10 26.0          14.7 rR~1t5NG45
00433         C2016 05 17.41774 22 06 25.57 -14 10 22.5          14.6 rR~1t5NG45
00433         C2016 05 17.42360 22 06 26.02 -14 10 18.4          14.8 rR~1t5NG45
00433         C2016 05 17.42916 22 06 26.45 -14 10 14.7          14.6 rR~1t5NG45
00433         C2016 05 17.43445 22 06 26.87 -14 10 10.9          14.3 rR~1t5NG45
00433         C2016 05 17.43451 22 06 26.86 -14 10 10.7          14.3 rR~1t5NG45
00433         C2016 05 17.44011 22 06 27.31 -14 10 07.2          14.1 rR~1t5NG45
00433         C2016 05 17.44051 22 06 27.36 -14 10 07.0          14.1 rR~1t5NG45
00433         C2016 05 17.44597 22 06 27.78 -14 10 02.7          14.0 rR~1t5NG45
00433         C2016 05 17.45142 22 06 28.21 -14 09 59.4          14.0 rR~1t5NG45
00433         C2016 05 17.45183 22 06 28.24 -14 09 59.0          14.0 rR~1t5NG45
00433         C2016 05 18.07059 22 07 17.64 -14 02 50.7          14.5 Ro~1t5NK95
00433         C2016 05 18.12284 22 07 21.72 -14 02 15.3          13.7 Ro~1t5NK95
00433         C2016 05 18.12399 22 07 21.77 -14 02 14.5          13.6 Ro~1t5NK95
00433         C2016 05 18.12525 22 07 21.96 -14 02 13.8          13.7 Ro~1t5NK95
00433         C2016 05 18.14227 22 07 23.20 -14 02 02.1          13.7 Ro~1t5NK95
00433         C2016 05 18.14367 22 07 23.31 -14 02 01.2          13.7 Ro~1t5NK95
00433         C2016 05 22.31272 22 12 44.05 -13 14 45.9          13.7 Rq~1tbGY00
00433         C2016 05 22.32203 22 12 44.72 -13 14 39.7          13.9 Rq~1tbGY00
00433         C2016 05 22.33136 22 12 45.40 -13 14 33.3          13.9 Rq~1tbGY00
00433         C2016 05 30.40666 22 22 06.16 -11 43 52.5          14.0 rR~1tjuG45
00433         C2016 05 30.41192 22 22 06.48 -11 43 48.7          14.0 rR~1tjuG45
00433         C2016 05 30.42259 22 22 07.17 -11 43 41.7          13.7 rR~1tjuG45
00433         C2016 05 30.42266 22 22 07.17 -11 43 41.8          14.3 rR~1tjuG45
00433         C2016 05 30.42785 22 22 07.48 -11 43 38.0          14.2 rR~1tjuG45
00433         C2016 05 30.42792 22 22 07.48 -11 43 38.4          14.3 rR~1tjuG45
00433         C2016 05 30.43819 22 22 08.14 -11 43 31.4          14.1 rR~1tjuG45
00433         C2016 05 30.43826 22 22 08.15 -11 43 31.6          14.2 rR~1tjuG45
00433         C2016 05 30.44341 22 22 08.47 -11 43 27.8          14.1 rR~1tjuG45
00433         C2016 05 30.44348 22 22 08.47 -11 43 28.0          14.1 rR~1tjuG45
00433         C2016 05 30.44880 22 22 08.80 -11 43 24.2          14.1 rR~1tjuG45
00433         C2016 05 30.44887 22 22 08.81 -11 43 24.4          14.4 rR~1tjuG45
00433         C2016 06 03.40367 22 26 11.53 -10 59 34.6          14.0 rR~1u9LG45
00433         C2016 06 03.40414 22 26 11.54 -10 59 34.0          14.0 rR~1u9LG45
00433         C2016 06 03.40969 22 26 11.84 -10 59 30.5          14.1 rR~1u9LG45
00433         C2016 06 03.41517 22 26 12.17 -10 59 26.6          14.1 rR~1u9LG45
00433         C2016 06 03.42123 22 26 12.50 -10 59 22.7          14.2 rR~1u9LG45
00433         C2016 06 03.42712 22 26 12.83 -10 59 19.0          14.3 rR~1u9LG45
00433         C2016 06 03.43264 22 26 13.14 -10 59 15.3          14.4 rR~1u9LG45
00433         C2016 06 03.44404 22 26 13.80 -10 59 07.9          14.1 rR~1u9LG45
00433         C2016 06 03.44926 22 26 14.07 -10 59 04.3          14.2 rR~1u9LG45
00433         C2016 06 04.40828 22 27 09.55 -10 48 31.5          14.0 rR~1u9LG45
00433         C2016 06 04.41373 22 27 09.86 -10 48 27.8          14.1 rR~1u9LG45
00433         C2016 06 04.42497 22 27 10.47 -10 48 20.7          14.1 rR~1u9LG45
00433         C2016 06 04.43049 22 27 10.78 -10 48 16.9          14.2 rR~1u9LG45
00433         C2016 06 04.43113 22 27 10.82 -10 48 16.4          14.2 rR~1u9LG45
00433         C2016 06 04.43614 22 27 11.06 -10 48 12.8          14.3 rR~1u9LG45
00433         C2016 06 04.43621 22 27 11.10 -10 48 13.3          14.2 rR~1u9LG45
00433         C2016 06 04.44189 22 27 11.40 -10 48 09.3          14.2 rR~1u9LG45
00433         C2016 06 04.44196 22 27 11.42 -10 48 09.1          14.2 rR~1u9LG45
00433         C2016 06 04.44707 22 27 11.69 -10 48 05.8          14.2 rR~1u9LG45
00433         C2016 06 04.44748 22 27 11.70 -10 48 06.0          14.3 rR~1u9LG45
00433         C2016 06 05.40471 22 28 05.66 -10 37 35.7          14.3 rR~1u9LG45
00433         C2016 06 05.41013 22 28 05.93 -10 37 32.5          14.3 rR~1u9LG45
00433         C2016 06 05.41585 22 28 06.24 -10 37 28.6          14.2 rR~1u9LG45
00433         C2016 06 05.42147 22 28 06.55 -10 37 24.8          14.2 rR~1u9LG45
00433         C2016 06 05.42702 22 28 06.84 -10 37 21.3          14.2 rR~1u9LG45
00433         C2016 06 05.43267 22 28 07.15 -10 37 17.5          14.0 rR~1u9LG45
00433         C2016 06 05.43274 22 28 07.15 -10 37 17.6          14.2 rR~1u9LG45
00433         C2016 06 05.43832 22 28 07.47 -10 37 13.6          14.2 rR~1u9LG45
00433         C2016 06 05.43839 22 28 07.45 -10 37 14.0          14.1 rR~1u9LG45
00433         C2016 06 05.44354 22 28 07.74 -10 37 10.4          14.0 rR~1u9LG45
00433         C2016 06 05.44401 22 28 07.76 -10 37 10.0          13.9 rR~1u9LG45
00433         C2016 06 05.44953 22 28 08.07 -10 37 06.6          13.8 rR~1u9LG45
00433         C2016 06 11.43265 22 33 11.93 -09 32 23.2          14.3 rR~1u9LG45
00433         C2016 06 11.43820 22 33 12.19 -09 32 19.9          14.1 rR~1u9LG45
00433         C2016 06 11.44969 22 33 12.68 -09 32 12.3          14.0 rR~1u9LG45
00433         C2016 06 11.45437 22 33 12.88 -09 32 09.9          14.0 rR~1u9LG45
00433         C2016 06 12.20846 22 33 47.25 -09 24 00.5          14.1 Rq~1u9LY00
00433         C2016 06 12.21777 22 33 47.64 -09 23 54.5          14.2 Rq~1u9LY00
00433         C2016 06 12.22705 22 33 48.03 -09 23 48.7          14.0 Rq~1u9LY00
00433         C2016 06 13.57725 22 34 46.68 -09 09 33.7          13.0 wL~1u9LT05
00433         C2016 06 13.59007 22 34 47.18 -09 09 25.7          13.0 wL~1u9LT05
00433         C2016 06 13.60292 22 34 47.69 -09 09 17.4          13.1 wL~1u9LT05
00433         C2016 06 13.61574 22 34 48.19 -09 09 09.4          13.2 wL~1u9LT05
00433         C2016 06 14.22914 22 35 13.99 -09 02 35.7          13.2 Rr~1u9LY00
00433         C2016 06 14.24128 22 35 14.47 -09 02 28.1          13.2 Rr~1u9LY00
00433         C2016 06 14.25335 22 35 14.94 -09 02 20.6          13.2 Rr~1u9LY00
00433         C2016 06 14.44640 22 35 22.81 -09 00 24.6          13.5 Vq~1u9LG96
00433         C2016 06 14.44918 22 35 22.92 -09 00 22.8          13.4 Vq~1u9LG96
00433         C2016 06 14.45199 22 35 23.03 -09 00 21.3          13.4 Vq~1u9LG96
00433         C2016 06 14.45484 22 35 23.13 -09 00 19.1          13.4 Vq~1u9LG96
00433         C2016 06 16.56407 22 36 45.36 -08 38 12.4          13.1 wL~1u9LT05
00433         C2016 06 16.57569 22 36 45.77 -08 38 05.1          13.2 wL~1u9LT05
00433         C2016 06 16.58791 22 36 46.18 -08 37 57.6          13.3 wL~1u9LT05
00433         C2016 06 16.60013 22 36 46.60 -08 37 49.9          13.5 wL~1u9LT05
00433         C2016 06 16.61180 22 36 47.00 -08 37 42.6          13.9 wL~1u9LT05
00433         C2016 06 17.09935 22 37 05.12 -08 32 39.3          13.0 Ro~1uncZ22
00433         C2016 06 17.10920 22 37 05.47 -08 32 33.2          13.0 Ro~1uncZ22
00433         C2016 06 17.11583 22 37 05.69 -08 32 29.3          13.1 Ro~1uncZ22
00433         C2016 06 18.35162622 37 48.75 -08 19 42.8          13.8 Vu~1uncH21
00433         C2016 06 18.35337522 37 48.80 -08 19 41.8          13.8 Vu~1uncH21
00433         C2016 06 18.35512422 37 48.86 -08 19 40.7          13.8 Vu~1uncH21
00433         C2016 06 18.35687122 37 48.91 -08 19 39.7          13.8 Vu~1uncH21
00433         C2016 06 18.35861522 37 48.96 -08 19 38.5          13.8 Vu~1uncH21
00433         C2016 06 18.36036022 37 49.02 -08 19 37.5          13.9 Vu~1uncH21
00433         C2016 06 20.36107522 38 52.83 -07 59 07.3          13.4 Vu~1uncH21
00433         C2016 06 20.36264922 38 52.87 -07 59 06.3          13.4 Vu~1uncH21
00433         C2016 06 20.36439722 38 52.92 -07 59 05.4          13.3 Vu~1uncH21
00433         C2016 06 20.36614622 38 52.97 -07 59 04.1          13.3 Vu~1uncH21
00433         C2016 06 20.36789422 38 53.02 -07 59 03.2          13.4 Vu~1uncH21
00433         C2016 06 20.36964322 38 53.06 -07 59 02.0          13.2 Vu~1uncH21
00433         C2016 06 20.37139222 38 53.11 -07 59 01.1          13.2 Vu~1uncH21
00433         C2016 06 20.37314222 38 53.16 -07 58 59.9          13.2 Vu~1uncH21
00433         C2016 06 20.37506522 38 53.21 -07 58 58.7          13.2 Vu~1uncH21
00433         C2016 06 20.53511 22 38 58.09 -07 57 18.8          13.1 wL~1uncT05
00433         C2016 06 20.54772 22 38 58.44 -07 57 11.1          13.3 wL~1uncT05
00433         C2016 06 20.56081 22 38 58.79 -07 57 03.1          13.4 wL~1uncT05
00433         C2016 06 20.57394 22 38 59.14 -07 56 55.2          13.3 wL~1uncT05
00433         C2016 06 21.00524 22 39 11.84 -07 52 34.0          12.9 Vo~1unc108
00433         C2016 06 21.00716 22 39 11.94 -07 52 32.7          12.9 Vo~1unc108
00433         C2016 06 21.00940 22 39 12.01 -07 52 31.4          12.8 Vo~1unc108
00433         C2016 06 29.10069 22 41 56.92 -06 32 49.3          12.8 Ro~1ut7Z22
00433         C2016 06 29.10787 22 41 57.00 -06 32 45.0          12.9 Ro~1ut7Z22
00433         C2016 06 29.11955 22 41 57.11 -06 32 38.4          13.1 Ro~1ut7Z22
00433         C2016 07 03.36977 22 42 24.87 -05 53 00.2          13.8 rR~1v1dG45
00433         C2016 07 03.37458 22 42 24.87 -05 52 57.4          13.8 rR~1v1dG45
00433         C2016 07 03.37940 22 42 24.88 -05 52 55.4          13.8 rR~1v1dG45
00433         C2016 07 03.38435 22 42 24.86 -05 52 52.1          13.9 rR~1v1dG45
00433         C2016 07 03.38924 22 42 24.85 -05 52 49.4          13.8 rR~1v1dG45
00433         C2016 07 03.39412 22 42 24.86 -05 52 46.8          13.9 rR~1v1dG45
00433         C2016 07 06.10998 22 42 19.40 -05 28 23.5          12.8  q~1v1dJ43
00433         C2016 07 06.11855 22 42 19.33 -05 28 19.0          12.8  q~1v1dJ43
00433         C2016 07 06.12706 22 42 19.26 -05 28 14.5          12.9  q~1v1dJ43
00433         C2016 07 06.13559 22 42 19.18 -05 28 09.9          12.9  q~1v1dJ43
00433         C2016 07 06.54305 22 42 16.75 -05 24 33.1          13.0 wL~1v1dT05
00433         C2016 07 06.55562 22 42 16.62 -05 24 26.4          13.1 wL~1v1dT05
00433         C2016 07 06.56747 22 42 16.50 -05 24 20.2          13.2 wL~1v1dT05
00433         C2016 07 06.57931 22 42 16.38 -05 24 14.0          13.3 wL~1v1dT05
00433        KC2016 07 06.73941 22 42 15.34 -05 22 51.8          12.4 Rq~1vbLQ21
00433        KC2016 07 06.74152 22 42 15.32 -05 22 50.7          12.5 Rq~1vbLQ21
00433         C2016 07 07.54268 22 42 08.90 -05 15 49.1          13.0 wL~1v1dT05
00433         C2016 07 07.55562 22 42 08.73 -05 15 42.5          13.2 wL~1v1dT05
00433         C2016 07 07.56796 22 42 08.58 -05 15 36.0          13.4 wL~1v1dT05
00433         C2016 07 07.57979 22 42 08.43 -05 15 29.8          13.4 wL~1v1dT05
00433         C2016 07 09.56733 22 41 44.90 -04 58 28.8          13.0 wL~1vbLT05
00433         C2016 07 09.58331 22 41 44.61 -04 58 20.8          13.0 wL~1vbLT05
00433         C2016 07 09.60070 22 41 44.29 -04 58 11.9          13.0 wL~1vbLT05
00433         C2016 07 09.61652 22 41 44.01 -04 58 03.9          13.0 wL~1vbLT05
00433         C2016 07 10.34140 22 41 33.15 -04 51 59.9          13.7 rR~1vbLG45
00433         C2016 07 10.34621 22 41 33.05 -04 51 57.6          13.7 rR~1vbLG45
00433         C2016 07 10.35096 22 41 32.96 -04 51 54.9          13.5 rR~1vbLG45
00433         C2016 07 10.35574 22 41 32.87 -04 51 53.2          13.9 rR~1vbLG45
00433         C2016 07 10.36066 22 41 32.73 -04 51 50.7          13.4 rR~1vbLG45
00433         C2016 07 10.36544 22 41 32.65 -04 51 48.1          13.9 rR~1vbLG45
00433         C2016 07 19.39577 22 37 09.63 -03 41 43.9          12.3 Rq~1w2BH45
00433         C2016 07 19.39725 22 37 09.58 -03 41 43.2          12.2 Rq~1w2BH45
00433         C2016 07 19.39836 22 37 09.53 -03 41 42.8          12.2 Rq~1w2BH45
00433         C2016 07 19.39916 22 37 09.50 -03 41 42.5          12.1 Rq~1w2BH45
00433         C2016 07 19.40023 22 37 09.45 -03 41 42.0          12.2 Rq~1w2BH45
00433         C2016 07 19.40121 22 37 09.40 -03 41 41.5          12.2 Rq~1w2BH45
00433        KC2016 07 19.99793 22 36 44.22 -03 37 29.3          12.3 Rq~1w2B160
00433        KC2016 07 19.99950 22 36 44.17 -03 37 28.6          12.3 Rq~1w2B160
00433        KC2016 07 20.00106 22 36 44.07 -03 37 27.9          12.3 Rq~1w2B160
00433        KC2016 07 20.99747 22 35 59.16 -03 30 32.2          12.0 Rq~1w2B160
00433        KC2016 07 20.99905 22 35 59.09 -03 30 31.8          12.0 Rq~1w2B160
00433        KC2016 07 21.00058 22 35 59.00 -03 30 31.0          11.9 Rq~1w2B160
00433         C2016 07 25.73731 22 31 45.69 -02 59 46.9          12.0 Rq~1w55D29
00433         C2016 07 25.74960 22 31 44.90 -02 59 42.4          12.1 Rq~1w55D29
00433         C2016 07 25.76189 22 31 44.11 -02 59 37.9          12.1 Rq~1w55D29
00433         C2016 07 26.06627 22 31 25.88 -02 57 46.6          11.9 Ro~1w55Z22
00433         C2016 07 26.07355 22 31 25.40 -02 57 43.9          11.9 Ro~1w55Z22
00433         C2016 07 26.08073 22 31 24.95 -02 57 41.8          11.9 Ro~1w55Z22
00433         C2016 07 29.12222 22 28 04.70 -02 40 15.3          11.7 Ro~1w55Z22
00433         C2016 07 29.13034 22 28 04.10 -02 40 12.6          11.6 Ro~1w55Z22
00433         C2016 07 29.86464 22 27 12.31 -02 36 17.2          12.0 Vq~1wEzK73
00433         C2016 07 29.87317 22 27 11.70 -02 36 15.5          12.1 Vq~1wEzK73
00433         C2016 07 29.88409 22 27 10.90 -02 36 11.0          12.0 Vq~1wEzK73
00433         C2016 07 30.88728 22 25 56.99 -02 30 58.2          12.1 Vq~1wEzK73
00433         C2016 08 03.84609 22 20 38.90 -02 12 20.6          11.8 Vq~1wEzK73
00433         C2016 08 03.85190 22 20 38.35 -02 12 19.1          11.6 Vq~1wEzK73
00433         C2016 08 03.88262 22 20 35.67 -02 12 11.0          12.0 Vq~1wEzK73
00433         C2016 08 04.86663 22 19 10.32 -02 08 03.9          11.5 Vq~1wEzK73
00433         C2016 08 04.87169 22 19 09.83 -02 08 02.7          11.8 Vq~1wEzK73
00433         C2016 08 04.87591 22 19 09.46 -02 08 01.6          11.6 Vq~1wEzK73