1529588906 5595.611725611827 2174.9360481381987 3136.782381415436
1529588916 5552.0810589790835 2215.6545602097794 3185.1039788390003
1529588926 5507.8381940357585 2256.0890912921227 3233.0161220935524
1529588936 5462.889171621441 2296.234135013722 3280.5122699042336
1529588946 5417.239590613845 2336.084710997799 3327.5865139461685
1529588956 5370.895128491991 2375.6358721466677 3374.2329936905912
1529588966 5323.862112617313 2414.8822332478626 3420.4453417994705
1529588976 5276.146207326027 2453.8190824338535 3466.2179942283947
1529588986 5227.753926850099 2492.44111871297 3511.5447036798573
1529588996 5178.691297555472 2530.7435522963065 3556.4198338701794
1529589006 5128.9644209139715 2568.7216294779882 3600.8377996247605
1529589016 5078.580085011323 2606.3701806526624 3644.792539665295
1529589026 5027.544563270034 2643.6845377486416 3688.278589613048
1529589036 4975.864202010598 2680.6600703974336 3731.290538099181
1529589046 4923.54605515711 2717.291746300285 3773.822516809808
1529589056 4870.596635773607 2753.575024439407 3815.869239519888
1529589066 4817.022527531859 2789.5054030742554 3857.4254748505555
1529589076 4762.831041885007 2825.0779929609207 3898.4855541579286
1529589086 4708.028923857769 2860.288385314472 3939.0443753998884
1529589096 4652.622986715288 2895.132212152071 3979.0968931486864
1529589106 4596.62079084588 2929.6047328568698 4018.6376448919373
1529589116 4540.029305298846 2963.701675892912 4057.661718574367
1529589126 4482.85556492471 2997.4188119994246 4096.164260452296
1529589136 4425.107370178527 3030.7515545782926 4134.140020357167
1529589146 4366.791905957189 3063.6957741888377 4171.584281791312
1529589156 4307.916420447236 3096.247385088015 4208.49238819627
1529589166 4248.488945043532 3128.40195989981 4244.859307701757
1529589176 4188.516629707704 3160.155642895881 4280.680667719531
1529589186 4128.007654600546 3191.504115644776 4315.951585090817
1529589196 4066.969545564506 3222.4434958320476 4350.667680985507
1529589206 4005.4098873983926 3252.9699470929 4384.824639063779
1529589216 3943.3370754438965 3283.079318462384 4418.417803805973
1529589226 3880.7588284760673 3312.767881791567 4451.44300563034
1529589236 3817.682921544054 3342.031956159032 4483.896138876856
1529589246 3754.1179554061687 3370.867562749065 4515.77278091178
1529589256 3690.071832794396 3399.2711317721587 4547.068976085526
1529589266 3625.5525099744223 3427.239141888196 4577.78083402626
1529589276 3560.568783139611 3454.767790910647 4607.9041699595155
1529589286 3495.1287298124134 3481.85367141624 4637.435246600016
1529589296 3429.2404782521303 3508.4934255968237 4666.370393220748
1529589306 3362.9130099039253 3534.6834321669203 4694.7056676008215
1529589316 3296.15456773143 3560.4204498874506 4722.43755499805
1529589326 3228.973442588027 3585.7012882418003 4749.562608431124
1529589336 3161.3787907935293 3610.5225109078856 4776.077132646673
1529589346 3093.379011234903 3634.881046455426 4801.977839366332
1529589356 3024.9825477948907 3658.773875224939 4827.261509196788
1529589366 2956.198721108705 3682.197749707227 4851.924697982371
1529589376 2887.0360763123726 3705.149771709145 4875.964347568388
1529589386 2817.503200595382 3727.6270957986467 4899.377469732038
1529589396 2747.609568184098 3749.6266669112815 4922.160875256944
1529589406 2677.363577320732 3771.1458489306583 4944.311827354608
1529589416 2606.7747985880096 3792.1817169992264 4965.827308760216
1529589426 2535.8519989691436 3812.731668734605 4986.704652280353
1529589436 2464.6039825097687 3832.7931560311845 5006.941262220393
1529589446 2393.0404551654383 3852.363452042085 5026.534382013206
1529589456 2321.170303669636 3871.4401357930014 5045.48158306277
1529589466 2249.002448775441 3890.020841414432 5063.780509104991
1529589476 2176.5467206937224 3908.103043113087 5081.428667334842
1529589486 2103.8121157443798 3925.684504014822 5098.423870441841
1529589496 2030.8076611879767 3942.763043117736 5114.764004200874
1529589506 1957.5433002488003 3959.3363384995278 5130.446842337735
1529589516 1884.0281285580832 3975.4023398736226 5145.470441247292
1529589526 1810.2712695799585 3990.959053530912 5159.832931081981
1529589536 1736.2827681974077 4006.004364010088 5173.5323545698875
1529589546 1662.0718089802128 4020.536409892408 5186.567013960551
1529589556 1587.647601196179 4034.5533869795186 5198.935285852059
1529589566 1513.0202799285228 4048.0533886324347 5210.635484148037
1529589576 1438.1991082260918 4061.0347443717696 5221.6661588302895
1529589586 1363.1933706754023 4073.4958415190254 5232.025934738912
1529589596 1288.0132810129492 4085.434984387792 5241.7133988261485
1529589606 1212.6681702272663 4096.8506953001415 5250.727350411585
1529589616 1137.1673876646646 4107.741554896253 5259.066664100908
1529589626 1061.521214088299 4118.106080340449 5266.730201467262
1529589636 985.738732662869 4127.943026921203 5273.7170392477965
1529589646 909.8302623418946 4137.251054642837 5280.0262228209895
1529589656 833.8052237489943 4146.029010727145 5285.656969894419
1529589666 757.6730505294211 4154.275801434822 5290.608573992511
1529589676 681.444109137858 4161.990302265331 5294.880357064386
1529589686 605.1278597341671 4169.171557171997 5298.471789098366
1529589696 528.7337722767362 4175.818669494884 5301.382416108861
1529589706 452.2722489403479 4181.930731501184 5303.611837381493
1529589716 375.75277868376395 4187.506984958688 5305.159775785726
1529589726 299.18485703267015 4192.546731305476 5306.026030343969
1529589736 222.57891006164317 4197.049280612753 5306.210478140962
1529589746 145.94444475994592 4201.014073330984 5305.713095252438
1529589756 69.290971447691 4204.440609800021 5304.533933951608
1529589766 -7.371071749614947 4207.328418694015 5302.673149281179
1529589776 -84.03217059729108 4209.677139798648 5300.130970572825
1529589786 -160.68281077483212 4211.48647294384 5296.907703317876
1529589796 -237.31255396687362 4212.756165967215 5293.003780371897
1529589806 -313.91188949271884 4213.4860584263015 5288.419684096615
1529589816 -390.47130983060276 4213.6760500129 5283.155972893139
1529589826 -466.98038834129795 4213.3261080498005 5277.2133569808375
1529589836 -543.4296286971784 4212.436272086234 5270.592571249963
1529589846 -619.8095409719749 4211.00664183083 5263.294426427503
1529589856 -696.1097220628403 4209.037404173771 5255.319909343567
1529589866 -772.321007206589 4206.528787481253 5246.669970482081
1529589876 -848.4330155846702 4203.481124948535 5237.345780510553
1529589886 -924.4362987494677 4199.894789343008 5227.348493338372
1529589896 -1000.3214200559387 4195.770213488547 5216.679338189968
1529589906 -1076.078041927568 4191.107949751847 5205.339760415358
1529589916 -1151.6967589992514 4185.908570414921 5193.331163767883
1529589926 -1227.1681809252334 4180.172707667943 5180.655026894469
1529589936 -1302.4820251685776 4173.901132490246 5167.313068264258
1529589946 -1377.628940154323 4167.094616100161 5153.306939964694
1529589956 -1452.5995925363252 4159.75398941049 5138.638368472763
1529589966 -1527.3837665537646 4151.880241214189 5123.309343512342
1529589976 -1601.9721750883232 4143.474340869172 5107.321763720375
1529589986 -1676.3555524450496 4134.537317148793 5090.677601537246
1529589996 -1750.52376131504 4125.070375619949 5073.379115775643
1529590006 -1824.4675896446224 4115.074682765258 5055.428449564204
1529590016 -1898.1778499819657 4104.5514641380305 5036.8278191665
1529590026 -1971.6444950715795 4093.502140799226 5017.579750018105
1529590036 -2044.8583984667166 4081.928075122763 4997.686627408443
1529590046 -2117.8104614777944 4069.830688143254 4977.150909012021
1529590056 -2190.4907384216845 4057.2116148954938 4955.975384121776
1529590066 -2262.890198920705 4044.072412193438 4934.162677585758
1529590076 -2334.999843485035 4030.4146950363297 4911.715485805811
1529590086 -2406.809839425789 4016.2403106730167 4888.636858869218
1529590096 -2478.3115498478373 4001.550948555315 4864.92956166783
1529590106 -2549.495223685642 3986.3485963122125 4840.596816303563
1529590116 -2620.3520136781412 3970.6351310084965 4815.641640372757
1529590126 -2690.87310860566 3954.41248695685 4790.067121460216
1529590136 -2761.048889186584 3937.682860536652 4763.876736700323
1529590146 -2830.87063166318 3920.4483183195084 4737.073734990528
1529590156 -2900.329651362712 3902.710983476787 4709.661434172032
1529590166 -2969.4164718964375 3884.4732587423528 4681.643562562597
1529590176 -3038.122503080348 3865.737397950851 4653.023596779113
1529590186 -3106.439196845492 3846.5057108175192 4623.805081248211
1529590196 -3174.3572306545652 3826.7808038008743 4593.991991335407
1529590206 -3241.8681578614064 3806.565115533438 4563.588027521627
1529590216 -3308.963576884779 3785.861139755512 4532.59695690095
1529590226 -3375.6343298612933 3764.6716837808967 4501.022997456437
1529590236 -3441.8721234835198 3742.9993683671573 4468.870069425312
1529590246 -3507.66871243371 3720.846868537547 4436.1421583751335
1529590256 -3573.0151141628094 3698.217189362827 4402.843720198383
1529590266 -3637.9031983564205 3675.1131308387726 4368.978890519389
1529590276 -3702.3248855655743 3651.5375463216183 4334.551868933226
1529590286 -3766.2713790233393 3627.493635307753 4299.56734425002
1529590296 -3829.734720896263 3602.9843739344637 4264.02966285722
1529590306 -3892.7070070433315 3578.0127907302976 4227.9432336756145
1529590316 -3955.1796367532006 3552.5822760579363 4191.312973165468
1529590326 -4017.145082261076 3526.6958738289923 4154.143282976658
1529590336 -4078.594879168419 3500.357099560315 4116.439228273807
1529590346 -4139.52137771274 3473.5692155106663 4078.2054957558394
1529590356 -4199.916986409924 3446.3355345770024 4039.4468320933256
1529590366 -4259.773453580936 3418.6597567076356 4000.1685207163077
1529590376 -4319.083326353911 3390.5453110309004 3960.3754455316453
1529590386 -4377.839212805099 3361.9956761803915 3920.072548783647
1529590396 -4436.0330836774865 3333.014732378082 3879.265326181098
1529590406 -4493.657691771843 3303.606071773288 3837.9588533101924
1529590416 -4550.705853444947 3273.773334826107 3796.1582623866084
1529590426 -4607.169771323541 3243.5205776572075 3753.8692551527465
1529590436 -4663.042412443949 3212.8515513894313 3711.0970931086854
1529590446 -4718.316809938875 3181.770054202127 3667.847092604937
1529590456 -4772.985407529625 3150.280313525192 3624.125154918062
1529590466 -4827.0413948202795 3118.3862352118304 3579.9367214646545
1529590476 -4880.4780299782715 3086.091770860046 3535.2872866650027
1529590486 -4933.28800676692 3053.401314408841 3490.182944581923
1529590496 -4985.464745445818 3020.318922007807 3444.629310326457
1529590506 -5037.001737229769 2986.8486941823535 3398.6320500992883
1529590516 -5087.891934594311 2952.9951863750875 3352.197443760857
1529590526 -5138.1291970845505 2918.7624619253165 3305.331084257432
1529590536 -5187.706654325568 2884.1551810644883 3258.039371316055
1529590546 -5236.618128277637 2849.1776400764907 3210.328195119141
1529590556 -5284.857515666958 2813.8341772151934 3162.20349360365
1529590566 -5332.418218632374 2778.1296054296818 3113.6718401305216
1529590576 -5379.29431007973 2742.068358572717 3064.7392809295443
1529590586 -5425.479939854327 2705.6549109526054 3015.4119079020957
1529590596 -5470.968790482431 2668.894222705856 2965.6964604460422
1529590606 -5515.755192911288 2631.790860157375 2915.599133846863
1529590616 -5559.833557114839 2594.349428520026 2865.126166917459
1529590626 -5603.197853558086 2556.575029402466 2814.284457284188
1529590636 -5645.842678030832 2518.472356335007 2763.0803421021556
1529590646 -5687.762707345816 2480.0461401177854 2711.520199852189
1529590656 -5728.952207125502 2441.30161793669 2659.611078376916
1529590666 -5769.406044497049 2402.243605097133 2607.359449329715
1529590676 -5809.11916951161 2362.876952508426 2554.771823434242
1529590686 -5848.086149824327 2323.2070268656316 2501.8553905425015
1529590696 -5886.302130077497 2283.238759661977 2448.6167492586733
1529590706 -5923.762339640536 2242.97711628248 2395.0625349502934
1529590716 -5960.461654722898 2202.4275866965636 2341.2000710860684
1529590726 -5996.395503332376 2161.59521284799 2287.0360755070587
1529590736 -6031.559399906632 2120.4850688156985 2232.5773004616203
1529590746 -6065.948535366562 2079.1027614497275 2177.831194467471
1529590756 -6099.558760250501 2037.4532691652032 2122.804364786907
1529590766 -6132.385478522337 1995.5422731067474 2067.5043384638084
1529590776 -6164.424602549821 1953.374986165448 2011.9380145008176
1529590786 -6195.672133737919 1910.9566503464835 1956.112322279451
1529590796 -6226.123800186273 1868.2930526884238 1900.0348992552056
1529590806 -6255.775811561332 1825.389500550712 1843.7127423528373
1529590816 -6284.62446798904 1782.2513285410191 1787.1528764018428
1529590826 -6312.665826841975 1738.8844228152557 1730.3630402906133
1529590836 -6339.896399660772 1695.2941789723843 1673.3503206217904
1529590846 -6366.312789756543 1651.4860179591558 1616.1218293928973
1529590856 -6391.911388515368 1607.4659181417321 1558.685397810114
1529590866 -6416.689013559798 1563.2393570154525 1501.0481937917073
1529590876 -6440.642575482 1518.8118354885137 1443.217408105439
1529590886 -6463.768804015666 1474.1894171116762 1385.2009550396226
1529590896 -6486.064826699592 1429.3776548255523 1327.0060753563882
1529590906 -6507.527865126726 1384.382123017764 1268.6400300911755
1529590916 -6528.1549912996215 1339.2089632878544 1210.1108072694033
1529590926 -6547.943646127293 1293.8637974720948 1151.425711928313
1529590936 -6566.891365541169 1248.352266859153 1092.5920667743476
1529590946 -6584.995567314656 1202.6805838610626 1033.6179241284015
1529590956 -6602.254008795368 1156.8544325689716 974.5106446468353
1529590966 -6618.664543202299 1110.8795145092542 915.2776040312463
1529590976 -6634.224937157728 1064.7621055767881 855.9269093692106
1529590986 -6648.933324583229 1018.5077590374942 796.4657287696657
1529590996 -6662.78770616433 972.1227889975041 736.9022005042157
1529591006 -6675.786372398169 925.612968339654 677.2437585054653
1529591016 -6687.927710804085 878.9840839660689 617.4978473290016
1529591026 -6699.210075087782 832.2425010777011 557.6726439843404
1529591036 -6709.632078440914 785.394036740086 497.7756146214811
1529591046 -6719.192431606399 738.4445199626215 437.8142333391708
1529591056 -6727.889843231801 691.4003595212423 377.7967062000358
1529591066 -6735.723250817454 644.2674097732418 317.7305227053832
1529591076 -6742.691689820868 597.051534932972 257.6231776256531
1529591086 -6748.794225314629 549.7591797743946 197.4828963517324
1529591096 -6754.030120317337 502.3962290126963 137.317182845536
1529591106 -6758.398736088248 454.96857511994034 77.1335436505809
1529591116 -6761.899495166094 407.48269125006556 16.940213741658138
1529591126 -6764.531986892103 359.9444855054153 -43.25529736624756
1529591136 -6766.295899008405 312.35987163571326 -103.44548026679216
1529591146 -6767.191012118238 264.7353435245325 -163.6221001538971
1529591156 -6767.217242283329 217.07682566385762 -223.77765087098498
1529591166 -6766.374604003127 169.39024607869857 -283.90462905741134
1529591176 -6764.663236100476 121.68211170945112 -343.99480982417344
1529591186 -6762.083381348734 73.95835642541523 -404.0406992733205
1529591196 -6758.6353808726035 26.224915510503084 -464.0348089861607
1529591206 -6754.319731426558 -21.5116987215402 -523.9689337199105
1529591216 -6749.136979485567 -69.24574207792075 -583.8358414306883
1529591226 -6743.087860047153 -116.97070293117137 -643.6273453620463
1529591236 -6736.173159282146 -164.6806473813606 -703.3359917632332
1529591246 -6728.393761295936 -212.36964364115178 -762.9543368103916
1529591256 -6719.750757556756 -260.03118751005945 -822.4742295290883
1529591266 -6710.2452589421755 -307.65935441636367 -881.8882520222301
1529591276 -6699.878473851457 -355.2482240120458 -941.1889989695302
1529591286 -6688.651848761966 -402.79130718384835 -1000.368364791463
1529591296 -6676.566817768638 -450.2826956764489 -1059.4189762047006
1529591306 -6663.624911954709 -497.7164875597577 -1118.3334751315763
1529591316 -6649.827930909738 -545.0862164411349 -1177.1038109340684
1529591326 -6635.17763005948 -592.3859973387471 -1235.7226636338867
1529591336 -6619.6758611645455 -639.6099536877933 -1294.1827310660103
1529591346 -6603.324774599175 -686.7516494094745 -1352.476026997698
1529591356 -6586.126444839466 -733.8052297147956 -1410.5952933699018
1529591366 -6568.083041924842 -780.7648503086962 -1468.5332925168116
1529591376 -6549.197064260342 -827.6241129712525 -1526.282111982017
1529591386 -6529.470902703109 -874.3771999766113 -1583.8345641488881
1529591396 -6508.907042786201 -921.0183061511124 -1641.183484341766
1529591406 -6487.508327769912 -967.5410786219035 -1698.321043148243
1529591416 -6465.277461840584 -1013.9397435365291 -1755.2401318127497
1529591426 -6442.217242857194 -1060.2085416360121 -1811.9336670382595
1529591436 -6418.3308553460765 -1106.3411728114754 -1868.3939116029287
1529591446 -6393.621212326456 -1152.3320985717733 -1924.6140696186396
1529591456 -6368.091723639142 -1198.175058067608 -1980.5864703434947
1529591466 -6341.745607880506 -1243.864365520819 -2036.3041548582787
1529591476 -6314.586175398621 -1289.3943530957488 -2091.760193812418
1529591486 -6286.61717041449 -1334.7588248922264 -2146.9470236079533
1529591496 -6257.842114886735 -1379.952156819483 -2201.857786060739
1529591506 -6228.264621227841 -1424.968744702479 -2256.48565496461
1529591516 -6197.888763377698 -1469.8024647796126 -2310.8231826438296
1529591526 -6166.71836225572 -1514.447761169786 -2364.8636196022735
1529591536 -6134.757327829892 -1558.899099853143 -2418.6002506879595
1529591546 -6102.010058711522 -1603.1504362921696 -2472.0257527650433
1529591556 -6068.48067002805 -1647.1962892411814 -2525.1334928296974
1529591566 -6034.173364446747 -1691.0312012288296 -2577.9168745395264
1529591576 -5999.092859825231 -1734.6492139155248 -2630.3687077463997
1529591586 -5963.243560404574 -1778.044927010501 -2682.4824835827458
1529591596 -5926.629956355852 -1821.2129658763477 -2734.2517321089267
1529591606 -5889.25707898869 -1864.147465226462 -2785.669404434044
1529591616 -5851.129616231339 -1906.8431119301063 -2836.729123300768
1529591626 -5812.252340233671 -1949.2946203531505 -2887.424552593425
1529591636 -5772.630589604311 -1991.4962249893229 -2937.748792758976
1529591646 -5732.2693302078715 -2033.4427059535822 -2987.695605448444
1529591656 -5691.1736103279545 -2075.1288726613407 -3037.2587956111506
1529591666 -5649.349069371153 -2116.5490659782013 -3086.4316209141475
1529591676 -5606.800772441657 -2157.698330225812 -3135.2081844656796
1529591686 -5563.534555699542 -2198.5710807759033 -3183.5818530233255
1529591696 -5519.555834611168 -2239.1622663259686 -3231.5466354615414
1529591706 -5474.8701038538675 -2279.4668677905456 -3279.0965874181575
1529591716 -5429.483488804714 -2319.47941757932 -3326.225245546007
1529591726 -5383.401666027135 -2359.1949732207922 -3372.9267761603774
1529591736 -5336.630389253499 -2398.60862615375 -3419.195394338139
1529591746 -5289.176065700359 -2437.715032021799 -3465.0248139416985
1529591756 -5241.044626178231 -2476.5093627708297 -3510.4093653089267
1529591766 -5192.242076540391 -2514.9868259057116 -3555.343429474564
1529591776 -5142.775098158128 -2553.142206338938 -3599.820904597395
1529591786 -5092.649868962615 -2590.9707958712556 -3643.8362914096983
1529591796 -5041.872639722397 -2628.4679234635714 -3687.3841432095883
1529591806 -4990.4503579818065 -2665.628509166385 -3730.458549306078
1529591816 -4938.389441401904 -2702.447969917407 -3773.054186980441
1529591826 -4885.696378199797 -2738.92176136706 -3815.16578788123
1529591836 -4832.37837382613 -2775.044944401168 -3856.7876390818747
1529591846 -4778.44207802842 -2810.813066216007 -3897.914600344268
1529591856 -4723.894208754288 -2846.2217142244235 -3938.5415875315352
1529591866 -4668.74222082183 -2881.2660956672457 -3978.6630918495375
1529591876 -4612.992762689226 -2915.9420317214312 -4018.274319580193
1529591886 -4556.653450545706 -2950.244830175105 -4057.369901432323
1529591896 -4499.731303309504 -2984.17026625549 -4095.9450138649986
1529591906 -4442.233404019184 -3017.714157799142 -4133.994892172359
1529591916 -4384.167603425697 -3050.8719677419035 -4171.514381248962
1529591926 -4325.5411309936335 -3083.6396144129353 -4208.498854730212
1529591936 -4266.361277774726 -3116.0130601157093 -4244.943746630592
1529591946 -4206.6361198735085 -3147.98792795793 -4280.844121718308
1529591956 -4146.373088823449 -3179.5602838688824 -4316.195555881532
1529591966 -4085.5796751482853 -3210.7262390650762 -4350.993686860483
1529591976 -4024.2641708704236 -3241.4815816559426 -4385.233804720859
1529591986 -3962.4342009106736 -3271.82252949186 -4418.911692439309
1529591996 -3900.097446528415 -3301.745346967353 -4452.023196242167
1529592006 -3837.2624060102926 -3331.2459918267587 -4484.56383665001
1529592016 -3773.9368887935343 -3360.320837980173 -4516.52960831755
1529592026 -3710.128757947479 -3388.9663070837246 -4547.91657047266
1529592036 -3645.8467081659724 -3417.178530948381 -4578.72047897677
1529592046 -3581.098724352397 -3444.9540434979617 -4608.9375445039295
1529592056 -3515.892842283454 -3472.2894275487197 -4638.564043550301
1529592066 -3450.2379430111173 -3499.1809932057895 -4667.595971930044
1529592076 -3384.142177684572 -3525.625438174186 -4696.029760427775
1529592086 -3317.6137455217704 -3551.6195101401595 -4723.861906822441
1529592096 -3250.661703701534 -3577.1597015243187 -4751.088651216874
1529592106 -3183.2940883773554 -3602.2429773843764 -4777.706754207615
1529592116 -3115.520068379266 -3626.865953814918 -4803.712621027344
1529592126 -3047.3480510202803 -3651.0256093456073 -4829.1030577148595
1529592136 -2978.786486911482 -3674.71897417406 -4853.8749390868925
1529592146 -2909.8447035880467 -3697.942852945638 -4878.024921269874
1529592156 -2840.5312492815906 -3720.6943970842394 -4901.5500400799665
1529592166 -2770.8547126029403 -3742.9708106174035 -4924.447401080043
1529592176 -2700.8245691383386 -3764.7690901980036 -4946.713914876477
1529592186 -2630.449498289597 -3786.086563207216 -4968.346850218241
1529592196 -2559.738216884358 -3806.920610506251 -4989.343546491731
1529592206 -2488.7003377668348 -3827.2684239972255 -5009.701172085598
1529592216 -2417.34466164058 -3847.127509885383 -5029.417231578373
1529592226 -2345.6800236528316 -3866.4954286720717 -5048.489300997804
1529592236 -2273.716162981889 -3885.369570534316 -5066.914809532546
1529592246 -2201.4619916597744 -3903.7476231691453 -5084.691500226338
1529592256 -2128.9264531437248 -3921.6273293281542 -5101.817188307876
1529592266 -2056.1194019117993 -3939.006280268558 -5118.289566494988
1529592276 -1983.0498512468275 -3955.882347649313 -5134.106618673084
1529592286 -1909.7268428143482 -3972.25345888177 -5149.266401569311
1529592296 -1836.1603352489722 -3988.1174088894713 -5163.7668738729835
1529592306 -1762.3594329189004 -4003.4722555627263 -5177.606262425732
1529592316 -1688.3332655087274 -4018.3161131820107 -5190.782867489498
1529592326 -1614.0918845726428 -4032.6469827015835 -5203.294915878371
1529592336 -1539.6441753917238 -4046.4631648601717 -5215.140925560964
1529592346 -1465.000245182651 -4059.76279916941 -5226.319303154543
1529592356 -1390.169327319651 -4072.544258401783 -5236.828684415526
1529592366 -1315.1606753336048 -4084.8059726495253 -5246.6677793115105
1529592376 -1239.9844704553739 -4096.5462908994505 -5255.835265529131
1529592386 -1164.6500096688924 -4107.763777221864 -5264.330026138868
1529592396 -1089.1666069982737 -4118.457053483409 -5272.151018792099
1529592406 -1013.5445062517531 -4128.624679914224 -5279.2971936249505
1529592416 -937.7930576107908 -4138.265413410059 -5285.767682174478
1529592426 -861.9216251638643 -4147.37806907924 -5291.561690850275
1529592436 -785.9405038061568 -4155.96141993769 -5296.6784433271405
1529592446 -709.8590864576873 -4164.014417030372 -5301.117320498385
1529592456 -633.6867767992327 -4171.536069970297 -5304.877778343252
1529592466 -557.4339092784674 -4178.525365875371 -5307.959314873395
1529592476 -481.10990905597265 -4184.981451059112 -5310.361560965179
1529592486 -404.7242089023475 -4190.9035306970345 -5312.084222715676
1529592496 -328.28717124471785 -4196.290807098743 -5313.127072980738
1529592506 -251.80824296154557 -4201.142622760117 -5313.489992983347
1529592516 -175.29687538272375 -4205.458379271976 -5313.1729392237585
1529592526 -98.76344731953532 -4209.237494997557 -5312.175959618119
1529592536 -22.21741682681792 -4212.479509323254 -5310.499185836638
1529592546 54.331756754173284 -4215.184020902208 -5308.142824805105
1529592556 130.87368983682467 -4217.3506647851145 -5305.107199425062
1529592566 207.39923158173124 -4218.979183220166 -5301.39267534193
1529592576 283.8980016718389 -4220.069355955804 -5296.999758595703
1529592586 360.36054687665074 -4220.62105154312 -5291.928997778341
1529592596 436.7774179512914 -4220.634197949503 -5286.181016527437
1529592606 513.138249158499 -4220.108792159268 -5279.756595097262
1529592616 589.4336042285474 -4219.04490049361 -5272.656531510461
1529592626 665.654054036346 -4217.442648697671 -5264.881698605238
1529592636 741.7892590304916 -4215.302251014955 -5256.433149999348
1529592646 817.8298104216079 -4212.623971487567 -5247.311932285317
1529592656 893.7663097408329 -4209.408133526913 -5237.519166560661
1529592666 969.5884551867739 -4205.655168430027 -5227.0561786678945
1529592676 1045.2868759868397 -4201.365537702185 -5215.924262642187
1529592686 1120.852214816625 -4196.539762102525 -5204.124786639408
1529592696 1196.2742191719483 -4191.1784895457895 -5191.659347296821
1529592706 1271.5435667640552 -4185.282378536026 -5178.529484707419
1529592716 1346.6509518844023 -4178.85214665358 -5164.736812621255
1529592726 1421.5861828294003 -4171.888657764976 -5150.283196751126
1529592736 1496.3399962269139 -4164.392766700851 -5135.170421601403
1529592746 1570.9031484100083 -4156.365387128057 -5119.400344790895
1529592756 1645.265519917674 -4147.807597969645 -5102.975099101795
1529592766 1719.4179166838653 -4138.720449502057 -5085.896711541441
1529592776 1793.351167448535 -4129.105050536647 -5068.167281612886
1529592786 1867.0552363773031 -4118.9626939271775 -5049.78920687291
1529592796 1940.5213041162967 -4108.294580331119 -5030.764676826503
1529592806 2013.7393968676136 -4097.102144484167 -5011.096264131104
1529592816 2086.700458981184 -4085.386759885223 -4990.786395022157
1529592826 2159.3954627449184 -4073.149857927111 -4969.8375670258265
1529592836 2231.8145367824236 -4060.3930848901678 -4948.252613114925
1529592846 2303.9487221209447 -4047.1180063552333 -4926.034195673097
1529592856 2375.7890907711458 -4033.3262453301727 -4903.185047549531
1529592866 2447.3258849374356 -4019.0196579019853 -4879.70825897638
1529592876 2518.550252439511 -4004.2000000915464 -4855.606725629916
1529592886 2589.453375101752 -3988.8690848173537 -4830.883412749117
1529592896 2660.025619760519 -3973.0289760070305 -4805.541664487688
1529592906 2730.258251050588 -3956.681618271699 -4779.584606701626
1529592916 2800.1425705993365 -3939.8290125295207 -4753.015433831479
1529592926 2869.6690808133944 -3922.4734283540747 -4725.83774033263
1529592936 2938.829173056528 -3904.616996890753 -4698.054878873932
1529592946 3007.6142786480455 -3886.2619049375576 -4669.670269651324
1529592956 3076.0150463636865 -3867.4106252953934 -4640.687753527825
1529592966 3144.023004099205 -3848.06547338048 -4611.110906362878
1529592976 3211.6297226150505 -3828.228819550383 -4580.943370417282
1529592986 3278.8260077527966 -3807.9033371788228 -4550.189228775643
1529592996 3345.6035336004975 -3787.091523488355 -4518.852276620858
1529593006 3411.9540199983694 -3765.79592986557 -4486.936374329133
1529593016 3477.8684403651523 -3744.0194273868365 -4454.4458427604495
1529593026 3543.338887023575 -3721.7646019116746 -4421.384558140014
1529593036 3608.3564508770173 -3699.0344546116685 -4387.75699723779
1529593046 3672.9130707916065 -3675.8317796799674 -4353.567311492002
1529593056 3737.000736091195 -3652.159424045586 -4318.819715360143
1529593066 3800.610722431527 -3628.0205812971976 -4283.518915365327
1529593076 3863.7351399657878 -3603.4182198580647 -4247.66927073066
1529593086 3926.3661520676405 -3578.3553599488378 -4211.275202294941
1529593096 3988.4952292101702 -3552.835384109706 -4174.341641165368
1529593106 4050.11466194997 -3526.861431783719 -4136.873149575869
1529593116 4111.216796773278 -3500.4366932137114 -4098.874349901376
1529593126 4171.793308845334 -3473.564736205932 -4060.3503923991266
1529593136 4231.8366780637325 -3446.248867814726 -4021.3060373014896
1529593146 4291.339442910987 -3418.492444836929 -3981.7461034353505
1529593156 4350.29349291306 -3390.299216443304 -3941.6759545150367
1529593166 4408.691506057488 -3361.67265369461 -3901.100543523709
1529593176 4466.526221516797 -3332.6162762766226 -3860.0248804202597
1529593186 4523.789752627046 -3303.134010610239 -3818.4545364293763
1529593196 4580.474984017987 -3273.2294879621213 -3776.3946518037187
1529593206 4636.574864039828 -3242.906387049876 -3733.8504220858404
1529593216 4692.081739061284 -3212.168807218091 -3690.8276198119365
1529593226 4746.988928386322 -3181.020409807598 -3647.331390853321
1529593236 4801.288938742383 -3149.465406939998 -3603.3676383897746
1529593246 4854.975017587484 -3117.5076879286394 -3558.941801995617
1529593256 4908.040480181393 -3085.151187453565 -3514.0593735743582
1529593266 4960.47808111137 -3052.400282890239 -3468.726446744096
1529593276 5012.281296218747 -3019.259012696785 -3422.9486326357746
1529593286 5063.443671504136 -2985.731459371802 -3376.7315928439134
1529593296 5113.958217964376 -2951.8221606737907 -3330.0816045858724
1529593306 5163.8186475486755 -2917.5352997180516 -3283.0044442580447
1529593316 5213.018744649302 -2882.8751022792303 -3235.505936790651
1529593326 5261.551784948728 -2847.8462614310133 -3187.5925359319467
1529593336 5309.411723977714 -2812.453100278578 -3139.270176843515
1529593346 5356.592591914977 -2776.699983152875 -3090.54484123042
1529593356 5403.087937120828 -2740.59175318117 -3041.4231520791236
1529593366 5448.891965917757 -2704.132868616833 -2991.911196614817
1529593376 5493.9989614015085 -2667.3278274524932 -2942.0151065546784
1529593386 5538.4027523036875 -2630.1816174207984 -2891.741666616627
1529593396 5582.097802676256 -2592.698826910504 -2841.097109191439
1529593406 5625.078655385635 -2554.884082512355 -2790.087709052367
1529593416 5667.339426920256 -2516.742510933262 -2738.720404933407
1529593426 5708.874845715473 -2478.278825518739 -2687.0015673041075
1529593436 5749.679720974745 -2439.497776230117 -2634.937606851598
1529593446 5789.748464008952 -2400.404622940612 -2582.5356084106243
1529593456 5829.0762307259265 -2361.004039481899 -2529.801860440312
1529593466 5867.657632746796 -2321.301371194166 -2476.7435406845248
1529593476 5905.487853128568 -2281.301527743033 -2423.3672335074766
1529593486 5942.562158751301 -2241.009452660101 -2369.679559763383
1529593496 5978.875467093688 -2200.4306143960957 -2315.6878296845116
1529593506 6014.4232418736065 -2159.5700329949304 -2261.398745952268
1529593516 6049.201032339852 -2118.432760655031 -2206.819045432991
1529593526 6083.204067987287 -2077.0243826902615 -2151.956162443974
1529593536 6116.428098722343 -2035.3500237824628 -2096.8169102704805
1529593546 6148.8689615900885 -1993.4148390157563 -2041.4081340335838
1529593556 6180.522203903193 -1951.2245241653238 -1985.737383563764
1529593566 6211.383866952908 -1908.784302674101 -1929.811574889116
1529593576 6241.450080677242 -1866.0994265924191 -1873.6376534779852
1529593586 6270.716715639363 -1823.1756956106985 -1817.223275947563
1529593596 6299.18010937394 -1780.0184259234948 -1760.5754530654692
1529593606 6326.836689466598 -1736.6329604992293 -1703.7012226029826
1529593616 6353.682654786513 -1693.0251962601656 -1646.6083390923895
1529593626 6379.714643623989 -1649.200536017601 -1589.3038999051307
1529593636 6404.929385616938 -1605.1644074887897 -1531.7950269443697
1529593646 6429.323412611551 -1560.922798012875 -1474.0895636486375
1529593656 6452.8936678094315 -1516.4811907689177 -1416.194685740221
1529593666 6475.637186950048 -1471.8450919361107 -1358.1175909613435
1529593676 6497.550839132233 -1427.0205723371332 -1299.8662025282463
1529593686 6518.631959401338 -1382.0130077181932 -1241.4475307843124
1529593696 6538.877643869936 -1336.8285206481264 -1182.8695470015718
1529593706 6558.285352176661 -1291.47271406705 -1124.139538844306
1529593716 6576.852638232421 -1245.9512106733532 -1065.2648117465646
1529593726 6594.57694163529 -1200.2702047151195 -1006.2534012974252
1529593736 6611.456036231528 -1154.4353623186548 -947.1126509854066
1529593746 6627.487791028833 -1108.4523673860665 -887.849919483021
1529593756 6642.669992302519 -1062.3274786299944 -828.4732972947752
1529593766 6657.000730903544 -1016.0664187517344 -768.9901751259785
1529593776 6670.478193617667 -969.67492622152 -709.4079562581742
1529593786 6683.100516171453 -923.1593169128827 -649.7347766291542
1529593796 6694.866108832932 -876.5253634141202 -589.9780654859284
1529593806 6705.773478461867 -829.7788520507313 -530.1452620214675
1529593816 6715.821112586322 -782.9261484777815 -470.24453806147477
1529593826 6725.007742915781 -735.973068410344 -410.28335265800644
1529593836 6733.332198289109 -688.925439252686 -350.2691721673789
1529593846 6740.793319959629 -641.7896689900793 -290.21019469960675
1529593856 6747.390162709285 -594.5716096468725 -230.1139003329348
1529593866 6753.121878868081 -547.277122869344 -169.9877737929812
1529593876 6757.9876649067255 -499.9126514658835 -109.84002983315945
1529593886 6761.9868999152695 -452.48407689982787 -49.67816074273931
1529593896 6765.119060829861 -404.9972881761484 10.490339205709128
1529593906 6767.383700397203 -357.4587553699783 70.657248285195
1529593916 6768.780526726504 -309.874190940618 130.8153128379193
1529593926 6769.309330454859 -262.25007892362913 190.95631186791718
1529593936 6768.970032849015 -214.59233447201208 251.07275237655236
1529593946 6767.762653249394 -166.90687679210788 311.15714382796256
1529593956 6765.687339363975 -119.2002045116309 371.20127439608683
1529593966 6762.744338110868 -71.47824372631199 431.19766244967667
1529593976 6758.933994456341 -23.746922482232023 491.138831488025
1529593986 6754.256813072907 23.987253634534625 551.0165885326782
1529593996 6748.713366298701 71.7183545615027 610.8234721552506
1529594006 6742.304324373051 119.44045039052921 670.5520287184119
1529594016 6735.030548388878 167.14703622299692 730.1940937502959
1529594026 6726.892935472053 214.83218501083303 789.7422348363384
1529594036 6717.89248038142 262.4899719646074 849.1890300036416
1529594046 6708.030399649121 310.11390051929527 908.5263529123885
1529594056 6697.30791415668 357.6980536177509 967.7468089358758
1529594066 6685.72634202896 405.2365185657055 1026.843016530141
1529594076 6673.287253821102 452.72281476501496 1085.806897062832
1529594086 6659.992192739455 500.1510421151527 1144.6311024244376
1529594096 6645.842798723962 547.5153069755505 1203.3083002108676
1529594106 6630.840994503542 594.8091523275918 1261.8304690128384
1529594116 6614.988643782416 642.0267019705033 1320.190315907974
1529594126 6598.287706369975 689.1620882492734 1378.3805662784937
1529594136 6580.740454889087 736.2088853082572 1436.3932653832642
1529594146 6562.348995633152 783.1614364616253 1494.2214163615638
1529594156 6543.115833011151 830.0133408201432 1551.857114120841
1529594166 6523.043359766463 876.7587773492199 1609.2931767794653
1529594176 6502.134063437097 923.3919370125499 1666.5224450416413
1529594186 6480.390793582154 969.9064626226036 1723.5370960241146
1529594196 6457.81625666213 1016.2965753724178 1780.330025766457
1529594206 6434.41325299099 1062.5565105032751 1836.894155423431
1529594216 6410.184973872624 1108.6799619775259 1893.221753507037
1529594226 6385.134436237584 1154.6611999947206 1949.3058023291717
1529594236 6359.26474981519 1200.4945108319598 2005.1393118112298
1529594246 6332.579443835499 1246.1736469828543 2060.7146509294944
1529594256 6305.081842077524 1291.6929343640675 2116.0248965035003
1529594266 6276.775359950687 1337.0467169795943 2171.0631554229385
1529594276 6247.663860387176 1382.2288131562457 2225.8219060650226
1529594286 6217.750970022113 1427.2336111658356 2280.2943278712487
1529594296 6187.04040584322 1472.05551935108 2334.4736327721243
1529594306 6155.536359861325 1516.6884290871767 2388.352417341212
1529594316 6123.242757212946 1561.126797554846 2441.9239716210545
1529594326 6090.1636120012 1605.3651039622514 2495.1816205193168
1529594336 6056.303440299663 1649.3973198526548 2548.1180874494817
1529594346 6021.666461036652 1693.217977776743 2600.7267808888823
1529594356 5986.256980614742 1736.8216342403405 2653.001146511139
1529594366 5950.079833771408 1780.2023479682393 2704.9340430485254
1529594376 5913.139378017068 1823.3549063925377 2756.519211928317
1529594386 5875.440657346989 1866.2734301996147 2807.749606720472
1529594396 5836.988368934343 1908.9525916423456 2858.6188502825726
1529594406 5797.787294711626 1951.3870900684637 2909.1206064431353
1529594416 5757.842787510887 1993.5711447780438 2959.2479778313914
1529594426 5717.159824059102 2035.4995201162992 3008.994725854611
1529594436 5675.743464080735 2077.1670093603952 3058.354655086026
1529594446 5633.599362866599 2118.567937115197 3107.3210252071844
1529594456 5590.732770753206 2159.697165876976 3155.8877434013652
1529594466 5547.149019217955 2200.549588871861 3204.048762155651
1529594476 5502.854059281682 2241.1196425662424 3251.79750599886
1529594486 5457.853408632149 2281.402293537591 3299.1280349287126
1529594496 5412.152664146607 2321.3925408528607 3346.0344563284852
1529594506 5365.7580655095 2361.084939252066 3392.510367159094
1529594516 5318.675391194145 2400.474565191726 3438.549987078972
1529594526 5270.9104968236 2439.5565293340155 3484.147585151713
1529594536 5222.469903348956 2478.325510956143 3529.2969381405833
1529594546 5173.359643168959 2516.7767020500214 3573.9924320081245
1529594556 5123.58582370461 2554.905330486334 3618.228504080048
1529594566 5073.155239459801 2592.706206185179 3661.999118066796
1529594576 5022.073962797 2630.1747922567592 3705.299005924597
1529594586 4970.348966151116 2667.305989028246 3748.1222598508252
1529594596 4917.98668911195 2704.0951932220796 3790.463557178071
1529594606 4864.993642564127 2740.537840124001 3832.3176297189775
1529594616 4811.377058962089 2776.6289705144845 3873.678768008339
1529594626 4757.1436121587385 2812.3641110048466 3914.541832363358
1529594636 4702.300044957162 2847.7388283186187 3954.901739364331
1529594646 4646.853841326239 2882.7483093449473 3994.7529843939824
1529594656 4590.81190152431 2917.3882156778595 4034.0906166042923
1529594666 4534.181192343472 2951.654250520689 4072.9097431218456
1529594676 4476.969440482968 2985.5417523494557 4111.20507044072
1529594686 4419.183764505465 3019.046522666861 4148.971842165302
1529594696 4360.831347016694 3052.1644060325343 4186.205361517333
1529594706 4301.920148401134 3084.890897801235 4222.900552108316
1529594716 4242.457497185813 3117.2219441417533 4259.052857379597
1529594726 4182.450783385493 3149.1535356729887 4294.657781958295
1529594736 4121.908191769867 3180.6813297324593 4329.7104723206
1529594746 4060.8372522696022 3211.8014217355208 4364.206576887025
1529594756 3999.245553679545 3242.509952889051 4398.141806761065
1529594766 3937.1414956167196 3272.802747422052 4431.511536763878
1529594776 3874.532800638949 3302.676054399366 4464.311625194609
1529594786 3811.427247484504 3332.1261699633305 4496.537994457318
1529594796 3747.8334408508463 3361.149089945284 4528.18625292886
1529594806 3683.759028197645 3389.741335443744 4559.252597251539
1529594816 3619.212745409604 3417.899019208977 4589.732794265592
1529594826 3554.2026160428154 3445.618655674626 4619.623062279535
1529594836 3488.736715234596 3472.896808370199 4648.919685907854
1529594846 3422.8239671974966 3499.729769048173 4677.618673619608
1529594856 3356.472563752892 3526.1142166300383 4705.7164654437265
1529594866 3289.6907454736165 3552.046880267753 4733.209568932993
1529594876 3222.4876145833828 3577.52423487906 4760.094238656279
1529594886 3154.8715217064523 3602.5431275895535 4786.367140335153
1529594896 3086.850863337588 3627.1004568326043 4812.025008355974
1529594906 3018.4349092121042 3651.1928846420296 4837.064347574195
1529594916 2949.6321591307988 3674.8174298705308 4861.482053117542
1529594926 2880.451155839861 3697.971163696352 4885.2750898402555
1529594936 2810.9013259135954 3720.6509390057217 4908.440216784812
1529594946 2740.991308553218 3742.853949704332 4930.974561936139
1529594956 2670.7297829362083 3764.5774429820353 4952.875323988685
1529594966 2600.1263216452253 3785.8184660954857 4974.139519782379
1529594976 2529.189693363987 3806.5743911306845 4994.7645133467
1529594986 2457.928703745736 3826.842644355687 5014.747740323423
1529594996 2386.3530604004363 3846.620470695977 5034.086478669331
1529595006 2314.471651448829 3865.905423343406 5052.778331379135
1529595016 2242.2933989363487 3884.6951105095313 5070.820973882994
1529595026 2169.828134383433 3902.98697786419 5088.211948279871
1529595036 2097.084561966717 3920.7788330005474 5104.949165203533
1529595046 2024.072589574845 3938.0682570159397 5121.030344382801
1529595056 1950.8012817470078 3954.8531108944185 5136.453492850939
1529595066 1877.27973180127 3971.131311899164 5151.216691269095
1529595076 1803.5179527365706 3986.900646497133 5165.317927892668
1529595086 1729.525101185734 4002.159163582206 5178.755455196475
1529595096 1655.3103594348302 4016.9049690004254 5191.5275998905945
1529595106 1580.8838341685125 4031.1360570599677 5203.632620990358
1529595116 1506.2547636828624 4044.8506667367183 5215.069018344521
1529595126 1431.4324087733337 4058.047094569882 5225.835366563525
1529595136 1356.426958295095 4070.7235449499685 5235.930197355896
1529595146 1281.2477216921784 4082.8784488986666 5245.352259605044
1529595156 1205.9040277376346 4094.510295548274 5254.100377399989
1529595166 1130.406135853761 4105.617501382343 5262.1733567758765
1529595176 1054.7634160510822 4116.198691220866 5269.57019703765
1529595186 978.9852544778626 4126.252548478974 5276.289973058294
1529595196 903.0819694512224 4135.7777035105855 5282.331766530954
1529595206 827.0629809049651 4144.772976475164 5287.694828295417
1529595216 750.9377217010936 4153.23724654861 5292.378485040103
1529595226 674.7165573214098 4161.169359498098 5296.382095144994
1529595236 598.4089469269667 4168.568332151265 5299.705161823785
1529595246 522.0243593874944 4175.433240709324 5302.347264336985
1529595256 445.57319556764236 4181.7631476606075 5304.308038477548
1529595266 369.06463520256943 4187.557289848389 5305.587244172342
1529595276 292.50909618084614 4192.814874851738 5306.184702409938
1529595286 215.91607917448343 4197.535249649759 5306.100338144718
1529595296 139.29508917240028 4201.717821048343 5305.334152525568
1529595306 62.656559733243185 4205.36201500145 5303.886244489613
1529595316 -13.989997932440486 4208.467377651764 5301.756792257484
1529595326 -90.63507153741564 4211.033515154603 5298.946050223084
1529595336 -167.26822371064142 4213.060072514095 5295.454395188254
1529595346 -243.8799434966592 4214.546795577181 5291.282258469495
1529595356 -320.46072210454065 4215.493490324678 5286.430147453082
1529595366 -397.00013021639734 4215.9000212473475 5280.898716417664
1529595376 -473.48866792792376 4215.766334220526 5274.688649329761
1529595386 -549.9168407441931 4215.092435309897 5267.80070603955
1529595396 -626.2742392589938 4213.878408689868 5260.235817610813
1529595406 -702.5513854047495 4212.124400371351 5251.994919939305
1529595416 -778.7388097843128 4209.830616546503 5243.079024533656
1529595426 -854.8261347403438 4206.997361030691 5233.489338248206
1529595436 -930.8039148313151 4203.624979859359 5223.227047909484
1529595446 -1006.6627164967745 4199.7138791759935 5212.293415608557
1529595456 -1082.3922056649046 4195.264582153325 5200.689922689668
1529595466 -1157.9829802605627 4190.27763452281 5188.418005639067
1529595476 -1233.4256533134567 4184.753641984883 5175.4791757744515
1529595486 -1308.7099461114499 4178.693346545835 5161.875187328991
1529595496 -1383.8268125249028 4172.09746547255 5147.607666167237
1529595506 -1458.7660172696867 4164.966886250427 5132.678547409304
1529595516 -1533.5182543285337 4157.302486114019 5117.089680068855
1529595526 -1608.074238132485 4149.10520188973 5100.842987086672
1529595536 -1682.423808277759 4140.37613848803 5083.940673131186
1529595546 -1756.5577305684483 4131.116370894749 5066.38483214263
1529595556 -1830.4667944383705 4121.327033374171 5048.177631336938
1529595566 -1904.1409259899 4111.009447095416 5029.321542525004
1529595576 -1977.5709734095983 4100.164883665678 5009.8189022981005
1529595586 -2050.74781167613 4088.794673591526 4989.672119789765
1529595596 -2123.6614649423523 4076.9003528937037 4968.883931248205
1529595606 -2196.302874263423 4064.483388452391 4947.456913368444
1529595616 -2268.6630106263424 4051.5453056022984 4925.3937145725
1529595626 -2340.732007686207 4038.0878535685147 4902.6973325427625
1529595636 -2412.500909768312 4024.1126929373195 4879.370581259653
1529595646 -2483.9607942401285 4009.6215422396003 4855.416345534902
1529595656 -2555.101915605793 3994.616362017854 4830.837881185713
1529595666 -2625.9154317652924 3979.099004779728 4805.638236390334
1529595676 -2696.392536738714 3963.0713804026286 4779.820529182642
1529595686 -2766.5236171112733 3946.5356586201124 4753.388269920143
1529595696 -2836.2999545524226 3929.4938818595456 4726.344737624319
1529595706 -2905.7128698960923 3911.94814927808 4698.693280116438
1529595716 -2974.7528929040964 3893.9008374377904 4670.437658410466
1529595726 -3043.411714557396 3875.3541008444913 4641.581261445234
1529595736 -3111.6799661710943 3856.310452514474 4612.128015035127
1529595746 -3179.5491580229955 3836.7722463727473 4582.081574765491
1529595756 -3247.0108445478654 3816.7418918626418 4551.445663084024
1529595766 -3314.055818430655 3796.2221043600694 4520.224449337148
1529595776 -3380.6757402918447 3775.21542131662 4488.421809714922
1529595786 -3446.862317845663 3753.724434890029 4456.041686003521
1529595796 -3512.606515839583 3731.752059824117 4423.088486430035
1529595806 -3577.9001549363516 3709.301014308038 4389.566303473146
1529595816 -3642.7351057860947 3686.374070359916 4355.479293862188
1529595826 -3707.1025157203117 3662.974338866188 4320.832099770399
1529595836 -3770.99437498486 3639.104715752118 4285.629025391595
1529595846 -3834.402726655536 3614.768149831499 4249.874437748424
1529595856 -3897.318910980589 3589.967944678012 4213.573207748406
1529595866 -3959.7350971577266 3564.70717074133 4176.729846473512
1529595876 -4021.6435099999744 3538.988950357636 4139.348926338964
1529595886 -4083.035692807586 3512.8167761031864 4101.435541499108
1529595896 -4143.904002910058 3486.1938895342278 4062.9944048501306
1529595906 -4204.240855983987 3459.1235830277833 4024.0302890491894
1529595916 -4264.038008300483 3431.6095342537947 3984.548505742358
1529595926 -4323.288251577294 3403.655038900683 3944.5538023842005
1529595936 -4381.983489465824 3375.2638957526165 3904.051632287135
1529595946 -4440.116412714485 3346.4396233900648 3863.0470327621956
1529595956 -4497.679774831736 3317.1857893030146 3821.5450981004283
1529595966 -4554.665708464694 3287.506370361007 3779.55148892764
1529595976 -4611.06711598476 3257.4050461393454 3737.0714296498727
1529595986 -4666.8769650836775 3226.885543895429 3694.1101998890726
1529595996 -4722.0876266916675 3195.9520140899695 3650.6736611361925
1529596006 -4776.692223205804 3164.6082931365163 3606.7672189416767
1529596016 -4830.6839448328565 3132.858263844493 3562.396332238723
1529596026 -4884.05540981423 3100.706245558499 3517.567056685265
1529596036 -4936.799968734662 3068.156227180654 3472.2849727994935
1529596046 -4988.91104240433 3035.212242664518 3426.555712581113
1529596056 -5040.381505130526 3001.8787753233346 3380.3855189146393
1529596066 -5091.204943596327 2968.1599620084276 3333.780140888496
1529596076 -5141.375017048546 2934.059983221285 3286.7453771053724
1529596086 -5190.884864328969 2899.583481125547 3239.2876505010586
1529596096 -5239.728315867506 2864.7347357965314 3191.4128721216603
1529596106 -5287.899276912346 2829.5180695048984 3143.127000498974
1529596116 -5335.3911590138105 2793.9382779458783 3094.4366312137076
1529596126 -5382.19804371914 2757.9997795155705 3045.347830453298
1529596136 -5428.314089568646 2721.707033293216 2995.866709795839
1529596146 -5473.732988680131 2685.064982997814 2946.0000298458526
1529596156 -5518.4492592938495 2648.078030766905 2895.753802000415
1529596166 -5562.456784783311 2610.7512158474797 2845.1348925383377
1529596176 -5605.750080831819 2573.0891757939694 2794.149610520585
1529596186 -5648.323743537294 2535.0965862124967 2742.804306782214
1529596196 -5690.171949225215 2496.7786247769563 2691.105999451752
1529596206 -5731.289482933679 2458.1400534384616 2639.0611335904678
1529596216 -5771.671212044188 2419.1856705550995 2586.6761937901524
1529596226 -5811.31161281394 2379.920786232651 2533.958341860105
1529596236 -5850.205745908603 2340.3502812988204 2480.91415135049
1529596246 -5888.348756170828 2300.479071294773 2427.5502330441254
1529596256 -5925.735426417118 2260.3125925945496 2373.8738840764704
1529596266 -5962.361098890446 2219.8558392277864 2319.89179880496
1529596276 -5998.221201743579 2179.1138381997102 2265.6107064736193
1529596286 -6033.310830619765 2138.0921458252706 2211.0380310106652
1529596296 -6067.625614954763 2096.795863515115 2156.180579740457
1529596306 -6101.161271724767 2055.2301238739283 2101.0451924806675
1529596316 -6133.913215294962 2013.4005966761663 2045.6394112533662
1529596326 -6165.877367566553 1971.3124847529498 1989.9701483599242
1529596336 -6197.0497395076645 1928.9710203053517 1934.044346156179
1529596346 -6227.426069718349 1886.3819799408777 1877.8696559058897
1529596356 -6257.002577487912 1843.5506618164736 1821.4530867555854
1529596366 -6285.775572589876 1800.4823915976738 1764.8016754288967
1529596376 -6313.741122983647 1757.1830459584676 1707.9231734326945
1529596386 -6340.895857524412 1713.6578366018368 1650.8244483409974
1529596396 -6367.236066395205 1669.9127030891218 1593.513313424296
1529596406 -6392.758474488607 1625.9530885787306 1535.9969208258856
1529596416 -6417.459899298038 1581.7844605548912 1478.282446054916
1529596426 -6441.336968017821 1537.4128470837443 1420.3777873387182
1529596436 -6464.386714274484 1492.843769813629 1362.2901713841725
1529596446 -6486.606265414062 1448.0827727653914 1304.0268456941067
1529596456 -6507.99258968727 1403.1359654182834 1245.595784128809
1529596466 -6528.543033022551 1358.0089413999829 1187.0042794085407
1529596476 -6548.255036070628 1312.7073147279493 1128.2596424516544
1529596486 -6567.125911766253 1267.2372690980026 1069.3699133282435
1529596496 -6585.153321523227 1221.6044635130063 1010.3424421341426
1529596506 -6602.335022362942 1175.8145753557367 951.184594540489
1529596516 -6618.668675108798 1129.8738552462132 891.9044673166932
1529596526 -6634.152259453555 1083.7880208738109 832.5094592206673
1529596536 -6648.783851463681 1037.562806274161 773.006981942303
1529596546 -6662.56146262765 991.2045216129289 713.4051793651636
1529596556 -6675.483393316393 944.7189365019473 653.7114901320339
1529596566 -6687.548040920415 898.1118348440231 593.933363156663
1529596576 -6698.753769936336 851.389578898106 534.0789797930386
1529596586 -6709.099203414627 804.5579833668534 474.15580973810796
1529596596 -6718.583061949101 757.6228751729722 414.1713302887862
1529596606 -6727.204064951725 710.590661148719 354.1337505752999
1529596616 -6734.961189221721 663.4670044342216 294.05032066748663
1529596626 -6741.853391623759 616.25833737349 233.9292628119717
1529596636 -6747.879836362483 568.9705344950099 173.7780787444237
1529596646 -6753.039785787658 521.6094790604297 113.60427332596073
1529596656 -6757.332553879788 474.1816353401073 53.41608035749221
1529596666 -6760.757630890013 426.6929044911198 -6.778991070434033
1529596676 -6763.31460541176 379.1491942954598 -66.97343143367576
1529596686 -6765.003149272095 331.556993310889 -127.1590051268739
1529596696 -6765.823079288162 283.92222233168627 -187.32820461793867
1529596706 -6765.774310692917 236.25080666544335 -247.4735246273193
1529596716 -6764.856873447961 188.54925148748958 -307.5867374983109
1529596726 -6763.070911049097 140.82349022194649 -367.6603461579557
1529596736 -6760.416665358336 93.0794586857248 -427.68685847326304
1529596746 -6756.894524316518 45.323670990359304 -487.65806446802657
1529596756 -6752.504957804684 -2.4379338325639943 -547.5664864151977
1529596766 -6747.248533897453 -50.19941647688352 -607.4046542022546
1529596776 -6741.125997917546 -97.9542615828161 -667.1643852378559
1529596786 -6734.138145432617 -145.6965315330947 -726.8382299940565
1529596796 -6726.285869908969 -193.42029055114975 -786.4187492183611
1529596806 -6717.570273013269 -241.11902971167277 -845.8977973663032
1529596816 -6707.992474898188 -288.78681982238123 -905.2679619154821
1529596826 -6697.55369319815 -336.4177356443336 -964.5218432666213
1529596836 -6686.255384447951 -384.0052823519924 -1023.6513425265431
1529596846 -6674.098941249862 -431.5437373254092 -1082.649330021559
1529596856 -6661.086055682852 -479.0266193848323 -1141.5077432617863
1529596866 -6647.21838533993 -526.4480289062046 -1200.2192508156277
1529596876 -6632.49768433359 -573.8020737190244 -1258.776538539269
1529596886 -6616.925996187258 -621.082299454235 -1317.17160644137
1529596896 -6600.5052981919625 -668.2828334924161 -1375.3971832751213
1529596906 -6583.237663422636 -715.3978127507015 -1433.4460176657278
1529596916 -6565.125484221078 -762.4208172426171 -1491.3101815129837
1529596926 -6546.171055024609 -809.3460082470543 -1548.9824722952562
1529596936 -6526.3767652012475 -856.1675586485088 -1606.4557099198962
1529596946 -6505.745352863249 -902.8790903590751 -1663.722047465275
1529596956 -6484.279426657083 -949.4748053973042 -1720.7743595776283
1529596966 -6461.981689191672 -995.9489194371866 -1777.6055458554265
1529596976 -6438.855220885477 -1042.2951037411153 -1834.207849727723
1529596986 -6414.9029412779955 -1088.5076078453496 -1890.5742313402175
1529596996 -6390.127862790087 -1134.5806969692158 -1946.6976782767497
1529597006 -6364.533404271653 -1180.5080991045843 -2002.5705333637388
1529597016 -6338.122792467054 -1226.2841180103937 -2058.185850454983
1529597026 -6310.899345809533 -1271.903075132896 -2113.5367132895944
1529597036 -6282.866817303787 -1317.3587624877875 -2168.6155729977354
1529597046 -6254.028736845077 -1362.6455446816642 -2223.4155852186736
1529597056 -6224.38872471606 -1407.7578059864727 -2277.9299378820233
1529597066 -6193.950863404542 -1452.6894096437993 -2332.1511991788225
1529597076 -6162.71885429752 -1497.4349672857718 -2386.072850798919
1529597086 -6130.696996752067 -1541.9883935889486 -2439.6875437599
1529597096 -6097.88931593838 -1586.34416904847 -2492.988620901725
1529597106 -6064.299925009384 -1630.4967970564126 -2545.96946126121
1529597116 -6029.933444165388 -1674.4402752880435 -2598.6228471498425
1529597126 -5994.794189189842 -1718.169162294666 -2650.9422440106778
1529597136 -5958.886562269968 -1761.6780414195582 -2702.9211557606973
1529597146 -5922.215498767729 -1804.961000248321 -2754.5525043115313
1529597156 -5884.785599754173 -1848.0126816482139 -2805.829885219585
1529597166 -5846.601551026101 -1890.8277551382623 -2856.7469347394094
1529597176 -5807.668597064809 -1933.4004050011938 -2907.2967225011457
1529597186 -5767.99161857753 -1975.7253645622466 -2957.472981508687
1529597196 -5727.5755792242635 -2017.7973956197552 -3007.269487631717
1529597206 -5686.426026210189 -2059.610785810603 -3056.6794661436606
1529597216 -5644.54811391184 -2101.1603649347644 -3105.6967946452364
1529597226 -5601.9470777911765 -2142.4409930487627 -3154.3153957147497
1529597236 -5558.62876104316 -2183.447067659071 -3202.5286579862677
1529597246 -5514.598585439595 -2224.1735209270296 -3250.3306106162945
1529597256 -5469.862051880903 -2264.615317012327 -3297.7153297904993
1529597266 -5424.425292486332 -2304.7669696615885 -3344.676375009873
1529597276 -5378.293802863142 -2344.6236789014797 -3391.208120085796
1529597286 -5331.473903663935 -2384.1800394357347 -3437.304242491896
1529597296 -5283.971447578789 -2423.431166732694 -3482.9590388983024
1529597306 -5235.792362973079 -2462.3722110663866 -3528.1668562863533
1529597316 -5186.94324694689 -2500.997893653213 -3572.9215550114463
1529597326 -5137.430201435682 -2539.3034473332123 -3617.217600867557
1529597336 -5087.259401871058 -2577.284141374206 -3661.0495118411313
1529597346 -5036.437713910228 -2614.9348294536153 -3704.411338071856
1529597356 -4984.971481427144 -2652.2508671372375 -3747.2977206754185
1529597366 -4932.867119533614 -2689.2276479945135 -3789.703354775999
1529597376 -4880.131754266442 -2725.860163942262 -3831.622486960595
1529597386 -4826.771963873866 -2762.14389846911 -3873.0499396439004
1529597396 -4772.794395508294 -2798.0743745950936 -3913.980590997772
1529597406 -4718.206427133948 -2833.6467280790866 -3954.4088904738023
1529597416 -4663.014863561846 -2868.8565753685243 -3994.3298475379434
1529597426 -4607.22657610536 -2903.699573917944 -4033.73852909021
1529597436 -4550.8491859364285 -2938.1710087534525 -4072.62959361657
1529597446 -4493.889716385238 -2972.26663414894 -4110.998243153503
1529597456 -4436.3552548131565 -3005.982246811043 -4148.839738779108
1529597466 -4378.253656630934 -3039.3132862718053 -4186.148953926106
1529597476 -4319.592155418805 -3072.2556493299185 -4222.92128848703
1529597486 -4260.378046253649 -3104.805276589576 -4259.152202931144
1529597496 -4200.619409575289 -3136.957767139086 -4294.8367912911
1529597506 -4140.323437074132 -3168.7092917591717 -4329.970796602245
1529597516 -4079.4983539790196 -3200.055558620118 -4364.549462974915
1529597526 -4018.15172534165 -3230.9927120261996 -4398.568531154797
1529597536 -3956.2911733537894 -3261.516942255516 -4432.023804859831
1529597546 -3893.925132419882 -3291.624125022769 -4464.910757635505
1529597556 -3831.0613547870166 -3321.310558821709 -4497.225340997131
1529597566 -3767.707647149655 -3350.5725893500307 -4528.963570772927
1529597576 -3703.872643299083 -3379.4062643932357 -4560.121154883185
1529597586 -3639.564273682522 -3407.8080406781246 -4590.694260006204
1529597596 -3574.790520454522 -3435.774423307623 -4620.679118396273
1529597606 -3509.560206804361 -3463.3016364641385 -4650.071677017084
1529597616 -3443.881432214853 -3490.3862989640493 -4678.868321851521
1529597626 -3377.762345087986 -3517.0250791155554 -4707.065505645759
1529597636 -3311.2119478376235 -3543.214381618784 -4734.659418799312
1529597646 -3244.2384996575106 -3568.950991047733 -4761.646670488423
1529597656 -3176.850305824087 -3594.2317425281135 -4788.023937764913
1529597666 -3109.0565376327763 -3619.053225189378 -4813.787658576673
1529597676 -3040.865604510553 -3643.412392841854 -4838.934668928679
1529597686 -2972.285959090414 -3667.3062508490893 -4863.461873736229
1529597696 -2903.3269310434966 -3690.731576471783 -4887.365962328143
1529597706 -2833.9970704137213 -3713.685496042372 -4910.644000916791
1529597716 -2764.3049675343227 -3736.165188390271 -4933.293125582821
1529597726 -2694.260099797352 -3758.1676223964027 -4955.310280585593
1529597736 -2623.8708642403167 -3779.6901856295835 -4976.692850214136
1529597746 -2553.146830746675 -3800.729976550383 -4997.437950513643
1529597756 -2482.096762004255 -3821.28441580205 -5017.543038183763
1529597766 -2410.7294560520395 -3841.3509779669594 -5037.0056412163185
1529597776 -2339.0546124347306 -3860.926958462749 -5055.823135870406
1529597786 -2267.081108207073 -3880.0099582634607 -5073.993216800455
1529597796 -2194.8178527682435 -3898.597633069177 -5091.513650704097
1529597806 -2122.2746643265873 -3916.6874781666734 -5108.382076842326
1529597816 -2049.4605242599073 -3934.2772774275686 -5124.596430253488
1529597826 -1976.384443259068 -3951.3648701760594 -5140.15471869133
1529597836 -1903.056347087447 -3967.947954261391 -5155.054846919543
1529597846 -1829.4853113116374 -3984.02449881952 -5169.294992527743
1529597856 -1755.6804377527599 -3999.5925291062326 -5182.873406415492
1529597866 -1681.6517485253382 -4014.649948005209 -5195.788261060736
1529597876 -1607.4084031671316 -4029.1949120831187 -5208.037978510056
1529597886 -1532.959584387217 -4043.2256346341296 -5219.621054636694
1529597896 -1458.315399360909 -4056.740225826229 -5230.535931554993
1529597906 -1383.4850813027983 -4069.7370316223064 -5240.78127741247
1529597916 -1308.477883500066 -4082.2144552593295 -5250.355834621032
1529597926 -1233.30398682026 -4094.1708162166246 -5259.258316563887
1529597936 -1157.972687799739 -4105.6046516158 -5267.487638870337
1529597946 -1082.4932999287814 -4116.514556339146 -5275.04279179389
1529597956 -1006.8760663337938 -4126.899060979952 -5281.922761328508
1529597966 -931.1300314670112 -4136.756933978122 -5288.126735302957
1529597976 -855.2654735802571 -4146.086847560095 -5293.653882053821
1529597986 -779.2917715863085 -4154.887660810579 -5298.503532035306
1529597996 -703.2183161247566 -4163.1582912508775 -5302.675090751274
1529598006 -627.0554285343093 -4170.897624724733 -5306.168000739184
1529598016 -550.8125231868831 -4178.104715181304 -5308.981842332715
1529598026 -474.4990230317762 -4184.778675330522 -5311.11627106591
1529598036 -398.125280935424 -4190.918605833901 -5312.571004243339
1529598046 -321.7007362155488 -4196.523756519497 -5313.34587249495
1529598056 -245.23483361205695 -4201.593436239124 -5313.440781723472
1529598066 -168.73794593062868 -4206.126961445325 -5312.855724275645
1529598076 -92.21952690146591 -4210.123778653911 -5311.590781231495
1529598086 -15.689032513600681 -4213.583393606469 -5309.64610893802
1529598096 60.84315609004236 -4216.505339291599 -5307.0219747680485
1529598106 137.36758131648023 -4218.889259515994 -5303.718710142593
1529598116 213.8747864759623 -4220.734857452502 -5299.736721665577
1529598126 290.3543937014848 -4222.041883142628 -5295.076551428927
1529598136 366.7969520872009 -4222.81017808037 -5289.7387808227995
1529598146 443.1930147949283 -4223.039643204869 -5283.724066257906
1529598156 519.5322188420798 -4222.730245898321 -5277.033223947599
1529598166 595.8051305559666 -4221.882025531682 -5269.667084616793
1529598176 672.0023234935053 -4220.495080938279 -5261.626553770289
1529598186 748.1134611570858 -4218.569596899392 -5252.912720854329
1529598196 824.1294432595287 -4216.105799650449 -5243.52662591918
1529598206 900.0399573926985 -4213.104018824657 -5233.4695399298
1529598216 975.8356219993096 -4209.564623446235 -5222.742707046967
1529598226 1051.507068004485 -4205.488041893136 -5211.347445636991
1529598236 1127.0440287442334 -4200.87482078497 -5199.285297774924
1529598246 1202.4371679264366 -4195.725526514149 -5186.557753982529
1529598256 1277.6771648736596 -4190.0407846794915 -5173.166378539615
1529598266 1352.7538101910668 -4183.821358331957 -5159.112982969481
1529598276 1427.6578232947938 -4177.068010660671 -5144.399302561471
1529598286 1502.379942346461 -4169.7815638511165 -5129.027145835855
1529598296 1576.9100266776015 -4161.96299660113 -5112.998591816394
1529598306 1651.238861818078 -4153.613268116228 -5096.315618704247
1529598316 1725.3572551507466 -4144.733396326714 -5078.98027732807
1529598326 1799.2551461374937 -4135.324574561953 -5060.994911975314
1529598336 1872.9233967635985 -4125.38795705577 -5042.361741644348
1529598346 1946.3528939588523 -4114.924756432898 -5023.083057279704
1529598356 2019.5336686455753 -4103.93637940881 -5003.16146590948
1529598366 2092.4566695417234 -4092.424174049059 -4982.599424954959
1529598376 2165.112873380078 -4080.3895464140433 -4961.399463024917
1529598386 2237.492413788996 -4067.8341151301966 -4939.564447080107
1529598396 2309.586336420292 -4054.75942068996 -4917.097070331975
1529598406 2381.385717986354 -4041.1670611224386 -4894.000096343836
1529598416 2452.8808059758107 -4027.0588652598944 -4870.276648916407
1529598426 2524.0630388338614 -4012.4365045469654 -4845.929554955492
1529598436 2594.922746102147 -3997.3019468925804 -4820.962107630567
1529598446 2665.451157416485 -3981.65704981448 -4795.377386588785
1529598456 2735.639538488827 -3965.503727465325 -4769.178540265852
1529598466 2805.478351074219 -3948.844154608614 -4742.369112889088
1529598476 2874.9589484940852 -3931.6803764270953 -4714.952411621451
1529598486 2944.072723112488 -3914.01449411494 -4686.931811375163
1529598496 3012.8102797566053 -3895.8488869729204 -4658.311103589281
1529598506 3081.163105254477 -3877.1857856869788 -4629.093819379023
1529598516 3149.1227284295774 -3858.0274762635513 -4599.283556485047
1529598526 3216.679907881323 -3838.3765400025254 -4568.884349444457
1529598536 3283.826273683933 -3818.2353907140127 -4537.899949491984
1529598546 3350.5535007795716 -3797.6064967871084 -4506.3341733061625
1529598556 3416.8525121191187 -3776.492638749671 -4474.191294122518
1529598566 3482.7150905855547 -3754.8964109630665 -4441.475279230641
1529598576 3548.1330667831016 -3732.8204615588515 -4408.190160098398
1529598586 3613.0975384258372 -3710.2677672994273 -4374.340443991554
1529598596 3677.600450638695 -3687.241100316281 -4339.9303099360295
1529598606 3741.6337990754714 -3663.743285641509 -4304.96399979704
1529598616 3805.1888664573403 -3639.777493054684 -4269.446249931776
1529598626 3868.258022185559 -3615.346570249308 -4233.381300344892
1529598636 3930.832677919642 -3590.4538137868253 -4196.774037246714
1529598646 3992.9050697223824 -3565.102285351968 -4159.628982296949
1529598656 4054.467488756381 -3539.2950979462616 -4121.9507176009365
1529598666 4115.511548351072 -3513.03573529487 -4083.744349639192
1529598676 4176.029671174299 -3486.327428449599 -4045.0145991035997
1529598686 4236.014337666875 -3459.173458748362 -4005.766245599056
1529598696 4295.457372560679 -3431.577493276525 -3966.004610235342
1529598706 4354.351393937515 -3403.5429289364365 -3925.7346075353735
1529598716 4412.689080269069 -3375.0732118262135 -3884.96120933132
1529598726 4470.462477207203 -3346.1721883729956 -3843.6899454662057
1529598736 4527.664406861346 -3316.8434176168294 -3801.9259188596666
1529598746 4584.287754286631 -3287.090506644872 -3759.674288067818
1529598756 4640.324795347935 -3256.9174769943006 -3716.940785518675
1529598766 4695.768564587722 -3226.3280459371044 -3673.7306968665685
1529598776 4750.612161986935 -3195.3259775854385 -3630.0493616607137
1529598786 4804.848102678469 -3163.9154641452465 -3585.90270851962
1529598796 4858.469641825629 -3132.1003770236457 -3541.296199945729
1529598806 4911.470102454979 -3099.8846332044045 -3496.2353505285814
1529598816 4963.842247772272 -3067.2725909148985 -3450.7262784418667
1529598826 5015.579561519554 -3034.2682714132543 -3404.7746169308566
1529598836 5066.6755976563745 -3000.875740214665 -3358.3860494547857
1529598846 5117.123376004672 -2967.099516717869 -3311.5668768716496
1529598856 5166.916815610328 -2932.943629387288 -3264.322705927348
1529598866 5216.049111983515 -2898.4127022773064 -3216.6599553398523
1529598876 5264.514146855979 -2863.5109963796604 -3168.584528781382
1529598886 5312.305875935525 -2828.242814621591 -3120.1023768747873
1529598896 5359.41776497027 -2792.612933708705 -3071.2200890680356
1529598906 5405.843944284637 -2756.6257521704206 -3021.943722467361
1529598916 5451.578620329369 -2720.2857090074212 -2972.279379089861
1529598926 5496.615536875983 -2683.5977282088265 -2922.233811648864
1529598936 5540.9490798634115 -2646.566340902037 -2871.813223825207
1529598946 5584.57371342335 -2609.1961171705716 -2821.023862113183
1529598956 5627.483466831197 -2571.4921227337454 -2769.872634816838
1529598966 5669.672988380945 -2533.459016209316 -2718.365885142583
1529598976 5711.137006540276 -2495.101493605304 -2666.509996955703
1529598986 5751.869843250992 -2456.4247566393 -2614.3120262762927
1529598996 5791.8664156120185 -2417.4335861480704 -2561.778448603916
1529599006 5831.121722787182 -2378.132798744539 -2508.915777888687
1529599016 5869.630386220819 -2338.5277262376394 -2455.7312097974122
1529599026 5907.387597964764 -2298.6232662543903 -2402.231344715947
1529599036 5944.388633935022 -2258.424350536419 -2348.4228192199016
1529599046 5980.628421574684 -2217.9364349109646 -2294.3129603712273
1529599056 6016.102433725802 -2177.1645282138566 -2239.9084858675824
1529599066 6050.806228798018 -2136.1136716892447 -2185.2161472868493
1529599076 6084.735046381738 -2094.7894389475005 -2130.243394658109
1529599086 6117.884777422937 -2053.196776434335 -2074.996832444766
1529599096 6150.250872848657 -2011.3413327428862 -2019.4839878910964
1529599106 6181.829285579624 -1969.2282892616026 -1963.711756958328
1529599116 6212.616056724102 -1926.8628568472855 -1907.6870655351547
1529599126 6242.606958800546 -1884.2507911475418 -1851.4175494267354
1529599136 6271.798239491192 -1841.3973691813032 -1794.9102009604835
1529599146 6300.186236101727 -1798.3078956175161 -1738.1720399621317
1529599156 6327.767047911794 -1754.9882265304325 -1681.2108019540008
1529599166 6354.537221981846 -1711.4437284854298 -1624.0335675203341
1529599176 6380.493396324895 -1667.6797938439213 -1566.6474422783074
1529599186 6405.632001769331 -1623.7023723439602 -1509.0602524846774
1529599196 6429.949889017196 -1579.5169138940882 -1451.2791587496774
1529599206 6453.444000945558 -1535.12889230744 -1393.3113442125923
1529599216 6476.1111043258425 -1490.5443441008101 -1335.1647167600283
1529599226 6497.948357406092 -1445.7687962077953 -1276.846508682041
1529599236 6518.953011720325 -1400.807797544672 -1218.3639722646
1529599246 6539.122173979752 -1355.667464402728 -1159.725087801992
1529599256 6558.453313514624 -1310.353394319539 -1100.937150818409
1529599266 6576.943993940584 -1264.871204861966 -1042.0074742703184
1529599276 6594.591665498464 -1219.2270849852391 -982.9441015370622
1529599286 6611.394111763727 -1173.4266963129824 -923.7543828399732
1529599296 6627.349211482877 -1127.4757185159062 -864.4456832421118
1529599306 6642.454761603797 -1081.38040600413 -805.0260997951804
1529599316 6656.708918364435 -1035.146291596193 -745.5027891223035
1529599326 6670.1097114098775 -988.7796692891948 -685.8838787883641
1529599336 6682.655454054448 -942.2862927963968 -626.1767909932479
1529599346 6694.344556001378 -895.671930519757 -566.3889584134138
1529599356 6705.175397966492 -848.9429297039298 -506.5285464332688
1529599366 6715.146614076675 -802.1050903577249 -446.6030088232575
1529599376 6724.256935420514 -755.1642251385877 -386.6198071928985
1529599386 6732.505095836698 -708.1267271109577 -326.5871351512433
1529599396 6739.890052012995 -660.9984357838974 -266.5124692701546
1529599406 6746.410858053488 -613.7852012523816 -206.4032913043704
1529599416 6752.066602540905 -566.4934549141315 -146.26781345464934
1529599426 6756.856566078218 -519.1290689236434 -86.1135262830267
1529599436 6760.780127018512 -471.6979239473045 -25.94792287407834
1529599446 6763.836729877232 -424.2064821740472 34.22077564650791
1529599456 6766.025980128814 -376.6606415061005 94.38507355848482
1529599466 6767.347581211017 -329.06630626963084 154.53747528684258
1529599476 6767.801334325134 -281.4299618610648 214.6697604636962
1529599486 6767.387170373928 -233.75752499614708 274.77443705503964
1529599496 6766.105118315354 -186.05491671659422 334.8440158422982
1529599506 6763.95533635288 -138.32863801121758 394.87028690095724
1529599516 6760.9380809737895 -90.58461744731318 454.8457707289568
1529599526 6757.053706690818 -42.828785814948525 514.7629933062099
1529599536 6752.302728588318 4.93234794296786 574.6137648294645
1529599546 6746.685704152844 52.69304253176767 634.3908675029722
1529599556 6740.2033861060345 100.44678795506343 694.0861303032808
1529599566 6732.856572833579 148.18765140411367 753.692114230626
1529599576 6724.646160427221 195.90970135720974 813.201390194275
1529599586 6715.573257315315 243.6064326137432 872.6058233641295
1529599596 6705.63898592425 291.271919132405 931.8980107630541
1529599606 6694.844566033163 338.90023826480063 991.0705619654667
1529599616 6683.191460491133 386.4848972509232 1050.1153879221376
1529599626 6670.6811144538215 434.019983792414 1109.025130417128
1529599636 6657.315069955661 481.4995910856246 1167.7924464131577
1529599646 6643.095142547077 528.917246438493 1226.4093021704857
1529599656 6628.023098404399 576.2670582544441 1284.86839291809
1529599666 6612.100799990163 623.5431425222333 1343.16243166651
1529599676 6595.330413405075 670.7390542210437 1401.283449446999
1529599686 6577.714023744898 717.848929383062 1459.2242035435002
1529599696 6559.253811679239 764.8669137100622 1516.977471606153
1529599706 6539.952291281947 811.786597414837 1574.53535881068
1529599716 6519.811864075774 858.60215105125 1631.8906930296107
1529599726 6498.83502632861 905.3077569109195 1689.0363250560515
1529599736 6477.024637086565 951.8970479578494 1745.964443490907
1529599746 6454.383411421722 998.3642361117857 1802.6679552344517
1529599756 6430.914158207018 1044.703547081959 1859.13979263124
1529599766 6406.6200780417585 1090.9086640442033 1915.3722368802923
1529599776 6381.5040935912975 1136.9740321167085 1971.3585069883864
1529599786 6355.569631054586 1182.8933720605914 2027.0909509222515
1529599796 6328.819920659843 1228.660979790863 2082.562625761714
1529599806 6301.258284608392 1274.271168390797 2137.7666181637196
1529599816 6272.888484042325 1319.7177211110877 2192.695383705222
1529599826 6243.714053219469 1364.9949931845883 2247.342080461737
1529599836 6213.738617124782 1410.0973590103288 2301.6998985156483
1529599846 6182.966267341174 1455.0186715863872 2355.761409877724
1529599856 6151.400837909526 1499.753352060589 2409.519881628482
1529599866 6119.046252245845 1544.2958427146216 2462.968615237708
1529599876 6085.906927475513 1588.6400734627514 2516.100307826919
1529599886 6051.986992820867 1632.7805378729242 2568.90834334404
1529599896 6017.29066541913 1676.7117525889335 2621.3861424667925
1529599906 5981.822682655524 1720.4277315061358 2673.526535939833
1529599916 5945.587463981081 1763.923047023469 2725.3230322913096
1529599926 5908.589515197159 1807.1922965269978 2776.769179071828
1529599936 5870.833888289243 1850.2295848476083 2827.8579489892736
1529599946 5832.325287642179 1893.0295695221284 2878.582982703701
1529599956 5793.068502326313 1935.5869349511863 2928.9379621378002
1529599966 5753.068892898119 1977.8958837386883 2978.9160101228067
1529599976 5712.331277671454 2019.951333438144 3028.5111055880616
1529599986 5670.86121939096 2061.7475555704546 3077.71647588465
1529599996 5628.66388466495 2103.279363275761 3126.525998205594
1529600006 5585.744521794372 2144.5415996062657 3174.9335946205597
1529600016 5542.108991253496 2185.528644965811 3222.932655773638
1529600026 5497.76272886245 2226.2354138815185 3270.5172102680995
1529600036 5452.711250210743 2266.656852571541 3317.6813336778673
1529600046 5406.960706540443 2306.7874568024777 3364.418587566497
1529600056 5360.516796410593 2346.622248350892 3410.723158834303
1529600066 5313.385296138726 2386.156282419356 3456.5892833829143
1529600076 5265.572640437093 2425.384176473878 3502.010701111294
1529600086 5217.084783835536 2464.301065262469 3546.981763899997
1529600096 5167.927756520303 2502.902118654242 3591.49687460304
1529600106 5118.10826905895 2541.1820819941067 3635.549958644057
1529600116 5067.632524893028 2579.1362085823057 3679.1355393627277
1529600126 5016.506800934666 2616.7597884896686 3722.24819297923
1529600136 4964.738075681346 2654.047700959758 3764.8820374016636
1529600146 4912.332794148035 2690.9953232770335 3807.031773694784
1529600156 4859.297472556388 2727.598071097205 3848.6921576421646
1529600166 4805.639349107041 2763.8509634174866 3889.8575063610774
1529600176 4751.36510278695 2799.7495067803425 3930.5227046837877
1529600186 4696.4814814440215 2835.2892476549205 3970.682693935167
1529600196 4640.995974470922 2870.465350472376 4010.33199692009
1529600206 4584.915260147338 2905.2735954474774 4049.465844461798
1529600216 4528.246990463481 2939.709247034722 4088.0788999655306
1529600226 4470.998216766538 2973.7680384948176 4126.166367362177
1529600236 4413.176055194306 3007.445745494272 4163.72350987381
1529600246 4354.78839413607 3040.7377869908955 4200.745206833163
1529600256 4295.84249740684 3073.640038775782 4237.226860940759
1529600266 4236.345691076526 3106.1484204648914 4273.163935772435
1529600276 4176.306090713905 3138.2585107127607 4308.551532387519
1529600286 4115.731164109805 3169.9663325054985 4343.385257448055
1529600296 4054.6284387077644 3201.2679540205277 4377.660780002948
1529600306 3993.0062477930096 3232.159118610658 4411.373428372498
1529600316 3930.872254423491 3262.6360009448445 4444.519018128862
1529600326 3868.2341786449147 3292.6948221957246 4477.093428668418
1529600336 3805.1005617643546 3322.3314952197447 4509.092220837668
1529600346 3741.479253191834 3351.542350676166 4540.511423820444
1529600356 3677.3781566027374 3380.3237669842465 4571.347131985984
1529600366 3612.8060114103637 3408.671831109696 4601.595143699377
1529600376 3547.770844269207 3436.5830338243018 4631.251706205715
1529600386 3482.2807333192804 3464.0539148607604 4660.313133221262
1529600396 3416.3446059585585 3491.080739694648 4688.775465343865
1529600406 3349.970656793034 3517.6601631457506 4716.635172076115
1529600416 3283.1671290832783 3543.788890137974 4743.888790599764
1529600426 3215.9431278941106 3569.4633688498425 4770.532608178997
1529600436 3148.306733378799 3594.6805224254426 4796.563424004669
1529600446 3080.2671632226306 3619.4369230710017 4821.9776921085195
1529600456 3011.8328708386744 3643.7295072449483 4846.772261046358
1529600466 2943.012353468524 3667.555263286144 4870.944048893139
1529600476 2873.8149888668713 3690.910952620997 4894.489763102864
1529600486 2804.2493728040163 3713.793685310217 4917.406484413562
1529600496 2734.324141927711 3736.20062428077 4939.691364079924
1529600506 2664.048823278733 3758.1287238032082 4961.341366648508
1529600516 2593.4321451171777 3779.575270761849 4982.3538082785535
1529600526 2522.482873581104 3800.537605835906 5002.726076566609
1529600536 2451.210674068437 3821.0128795430583 5022.455396528724
1529600546 2379.624397321347 3840.9985586149805 5041.539322721134
1529600556 2307.7329289291197 3860.492164444533 5059.975481976026
1529600566 2235.5460615734823 3879.4910469795273 5077.761362863912
1529600576 2163.072758352332 3897.992855619437 5094.894761045156
1529600586 2090.3220141463134 3915.995295230158 5111.373545214194
1529600596 2017.3037377182452 3933.495918149073 5127.195470285754
1529600606 1944.026994285715 3950.492559059422 5142.3585754621035
1529600616 1870.5008777498376 3966.98310885562 5156.860973657811
1529600626 1796.7354016375637 3982.9653249975363 5170.700688623883
1529600636 1722.7397229460928 3998.437229863125 5183.87600527273
1529600646 1648.5230242295331 4013.396902724094 5196.3852828258705
1529600656 1574.0954123572183 4027.8423086679277 5208.226816064214
1529600666 1499.4658250235836 4041.7717149726923 5219.399181108866
1529600676 1424.644424932867 4055.183226423075 5229.900854498374
1529600686 1349.6404988271531 4068.075183015406 5239.730534742813
1529600696 1274.4633537436016 4080.445982637991 5248.886995474435
1529600706 1199.12322648695 4092.2939413680047 5257.368987251568
1529600716 1123.6294675887657 4103.617592307662 5265.175458746645
1529600726 1047.9914446918724 4114.4155269661 5272.305434133032
1529600736 972.2194570518794 4124.686274602954 5278.75793938125
1529600746 896.3229083685482 4134.428563069573 5284.532174494413
1529600756 820.31121624772 4143.641179076505 5289.627415273815
1529600766 744.1947306866134 4152.322866721642 5294.042964191926
1529600776 667.9828978737703 4160.472550037152 5297.778273477002
1529600786 591.6851746899881 4168.089212302303 5300.832871370151
1529600796 515.3119501070173 4175.171813874913 5303.206337633117
1529600806 438.8727020838764 4181.719476185761 5304.898377338607
1529600816 362.3769160428638 4187.731380237188 5305.90877170489
1529600826 285.83500812644843 4193.206703832047 5306.2373782666355
1529600836 209.25647730860476 4198.1447668037135 5305.8841552853955
1529600846 132.65082679071577 4202.5449488171835 5304.849137218545
1529600856 56.028488051291674 4206.406646068578 5303.132459553748
1529600866 -20.601029699038268 4209.729377582579 5300.734333810288
1529600876 -97.2282162627307 4212.512722411071 5297.655047671177
1529600886 -173.84263667994264 4214.756295853791 5293.89501445322
1529600896 -250.43509039212978 4216.459822466562 5289.454679494146
1529600906 -326.9951467082179 4217.623063895006 5284.33464111138
1529600916 -403.51330334087504 4218.245872315245 5278.535532325114
1529600926 -479.9800624184116 4218.328160112775 5272.0580620828405
1529600936 -556.3850095378759 4217.869908689687 5264.903105649089
1529600946 -632.7186609551878 4216.871170459012 5257.071548138337
1529600956 -708.9715405774772 4215.332058066063 5248.564350341179
1529600966 -785.1332621510669 4213.252772741103 5239.382663533591
1529600976 -861.1943712481938 4210.63356712793 5229.527623983656
1529600986 -937.1454243395416 4207.474754059921 5219.000443300044
1529600996 -1012.9760751220733 4203.776754427643 5207.802547535282
1529601006 -1088.6769092533193 4199.540020881042 5195.935322893182
1529601016 -1164.2385265093524 4194.765066151978 5183.400230502322
1529601026 -1239.6506323431063 4189.452530381813 5170.1989696496485
1529601036 -1314.9038632132279 4183.6030657838555 5156.333174984146
1529601046 -1389.9888729117108 4177.217384480099 5141.804555580884
1529601056 -1464.8954303939015 4170.296345212422 5126.615082118301
1529601066 -1539.614233598104 4162.84079909583 5110.766635925102
1529601076 -1614.1360009958191 4154.8516569152625 5094.261172175409
1529601086 -1688.4505767355347 4146.329995121496 5077.100930794454
1529601096 -1762.548730859302 4137.276862850606 5059.288037751697
1529601106 -1836.4212571230116 4127.693368604445 5040.824692199836
1529601116 -1910.0580864908495 4117.580805409713 5021.713400865501
1529601126 -1983.4503664403667 4106.940375454508 5001.956451264188
1529601136 -2056.5880922294277 4095.773515401204 4981.556526484075
1529601146 -2129.4621774989646 4084.0816018697474 4960.516154958766
1529601156 -2202.0635648606553 4071.8660701926174 4938.8379370193525
1529601166 -2274.382355569989 4059.128571184686 4916.524817816249
1529601176 -2346.409563355699 4045.8706760685313 4893.579563656711
1529601186 -2418.1362340362466 4032.094014299975 4870.005011866036
1529601196 -2489.5525862440586 4017.8004490715407 4845.804366417081
1529601206 -2560.649744129254 4002.9917445257215 4820.980628457655
1529601216 -2631.4188670203193 3987.669722493658 4795.536869193777
1529601226 -2701.8503021942615 3971.8364565306006 4769.476547885624
1529601236 -2771.93529445109 3955.493901798409 4742.802897220762
1529601246 -2841.665126824764 3938.644070537689 4715.519218904954
1529601256 -2911.0302863775914 3921.289244412883 4687.629223658458
1529601266 -2980.0221486655537 3903.4315674891936 4659.1363721445405
1529601276 -3048.6321305173497 3885.073240230494 4630.04419291699
1529601286 -3116.850869779792 3866.2167499199636 4600.356644040158
1529601296 -3184.6698827629757 3846.864427188699 4570.077410317016
1529601306 -3252.080730010635 3827.0186583314608 4539.210243250173
1529601316 -3319.0742110197675 3806.682133518783 4507.75934383765
1529601326 -3385.6422596500706 3785.8572826369027 4475.728486902165
1529601336 -3451.7757891104866 3764.546929484095 4443.122032811536
1529601346 -3517.4665720989706 3742.7537098667135 4409.944030717957
1529601356 -3582.7064304169903 3720.4803138778507 4376.198594301108
1529601366 -3647.4864566386213 3697.729763136142 4341.890318892086
1529601376 -3711.798590128337 3674.504872742833 4307.0234662995845
1529601386 -3775.6348222105225 3650.8085111748787 4271.602361454291
1529601396 -3838.98643521701 3626.6438945197815 4235.631829493448
1529601406 -3901.8455445989025 3602.01401405776 4199.116340107186
1529601416 -3964.2043205714704 3576.9219134702334 4162.060424626008
1529601426 -4026.054245419655 3551.370999732503 4124.469132561683
1529601436 -4087.387619919046 3525.364436979126 4086.3471364613843
1529601446 -4148.196802359195 3498.9054407079248 4047.699168955157
1529601456 -4208.47348496281 3471.997604974259 4008.5304982280904
1529601466 -4268.210162876511 3444.644263234895 3968.8459944130286
1529601476 -4327.39939144963 3416.8487992103196 3928.650586095201
1529601486 -4386.033082604785 3388.6149900041364 3887.9497541665705
1529601496 -4444.103934700952 3359.946334658996 3846.7485608327356
1529601506 -4501.604708923163 3330.846381321502 3805.0521250503452
1529601516 -4558.527546423187 3301.3190858895573 3762.866134189975
1529601526 -4614.8653573950805 3271.3681090549694 3720.1958367815146
1529601536 -4670.611117415913 3240.9971593932014 3677.0465363334574
1529601546 -4725.757206146459 3210.2103671256777 3633.4241202130825
1529601556 -4780.296972210226 3179.011424112514 3589.3338389729815
1529601566 -4834.222959300742 3147.404574201859 3544.781709588157
1529601576 -4887.528449206091 3115.3937382166287 3499.7732777285555
1529601586 -4940.206793203445 3082.9828826965395 3454.3141409332293
1529601596 -4992.2507883744665 3050.1764178906446 3408.410504823423
1529601606 -5043.65395018836 3016.9784148144477 3362.068084946666
1529601616 -5094.409865963765 2983.3929888245775 3315.292646766917
1529601626 -5144.51159472725 2949.42471154063 3268.090577422324
1529601636 -5193.952893356441 2915.0777995267513 3220.4677557694654
1529601646 -5242.727592859546 2880.356512255898 3172.4301085636635
1529601656 -5290.829022470114 2845.2655774871005 3123.9841971015103
1529601666 -5338.251187930014 2809.8093525064714 3075.1360567718066
1529601676 -5384.9881713101195 2773.9922360213163 3025.8917687814164
1529601686 -5431.033580005941 2737.8191065039714 2976.258061006194
1529601696 -5476.381675799002 2701.294456956335 2926.2411183869704
1529601706 -5521.026798908235 2664.4228202630698 2875.847169545289
1529601716 -5564.962842530913 2627.209219991424 2825.083101140645
1529601726 -5608.184331367343 2589.6582796823773 2773.95524049513
1529601736 -5650.685870575657 2551.774661168021 2722.4699564143607
1529601746 -5692.461646462407 2513.5635273102416 2670.634286344074
1529601756 -5733.506453223406 2475.0296268441493 2618.4546926297976
1529601766 -5773.815167439549 2436.1777451541425 2565.9376768478664
1529601776 -5813.382275493463 2397.0131784191067 2513.090419037629
1529601786 -5852.203002018306 2357.5406356393355 2459.9192944672345
1529601796 -5890.272037145439 2317.7654984657524 2406.4315735941727
1529601806 -5927.58463798728 2277.692711977316 2352.633926974908
1529601816 -5964.136147034607 2237.3272550629026 2298.5330605306062
1529601826 -5999.92156532154 2196.6746323504135 2244.1363732480518
1529601836 -6034.936435430201 2155.739899089527 2189.4506502458603
1529601846 -6069.176386982484 2114.5281425762714 2134.4827096234217
1529601856 -6102.636737922171 2073.0449839987073 2079.2400702311315
1529601866 -6135.313321676544 2031.2955828748907 2023.7296237899272
1529601876 -6167.202060271121 1989.2851289616283 1967.9582925707857
1529601886 -6198.298594187526 1947.0193534404027 1911.9337064650854
1529601896 -6228.599052726293 1904.5035140575787 1855.6628556920482
1529601906 -6258.099655235788 1861.7428969528557 1799.1527585517567
1529601916 -6286.796369977035 1818.7433365913153 1742.4111470064042
1529601926 -6314.68562679402 1775.5101827800668 1685.4451015391571
1529601936 -6341.763946918582 1732.048811836625 1628.2617282069016
1529601946 -6368.02763123674 1688.3651546661888 1570.868851937744
1529601956 -6393.473414440294 1644.464646850095 1513.2736351257026
1529601966 -6418.098123838259 1600.3527485602167 1455.4832631942654
1529601976 -6441.8983973830245 1556.035480174311 1397.5056448107143
1529601986 -6464.871278547726 1511.5183566473718 1339.348015814794
1529601996 -6487.013904537077 1466.806915574173 1281.0176325023936
1529602006 -6508.323254400565 1421.9072597212203 1222.5224779419184
1529602016 -6528.796764632908 1376.8247951739484 1163.8696165720517
1529602026 -6548.431643714955 1331.5656756369167 1105.0670758259018
1529602036 -6567.225457464306 1286.1355338555152 1046.1221948827013
1529602046 -6585.175867028841 1240.5400218989453 987.0423290296275
1529602056 -6602.28042777344 1194.7853638231225 927.8355643264113
1529602066 -6618.537022917472 1148.8772541995984 868.5092903808738
1529602076 -6633.943631812614 1102.8214048982666 809.0709102682034
1529602086 -6648.498159612002 1056.6241029818182 749.5285591051457
1529602096 -6662.198809454196 1010.2910981115465 689.8896681616864
1529602106 -6675.043881291442 963.8281552011579 630.1616795192559
1529602116 -6687.031632538232 917.2416168944305 570.3527677171364
1529602126 -6698.1605883723405 870.5372811365455 510.47039686799036
1529602136 -6708.429371345509 823.7209590597555 450.5220392260561
1529602146 -6717.836593171122 776.7990413936659 390.51589906881395
1529602156 -6726.381102785468 729.7773675017866 330.4594644916992
1529602166 -6734.061846937522 682.6617878510989 270.3602290494228
1529602176 -6740.877793238238 635.4587337039123 210.226417038606
1529602186 -6746.828115699048 588.174078923647 150.06553164601416
1529602196 -6751.9120864597835 540.8137063813701 89.8850788307159
1529602206 -6756.129030187123 493.384080269065 29.693293164956845
1529602216 -6759.478446878976 445.8911019918252 -30.502315979397565
1529602226 -6761.9599348543425 398.34067985563865 -90.69423914816652
1529602236 -6763.573176551416 350.7393033407402 -150.87424124669
1529602246 -6764.317999709446 303.09270262501417 -211.035057624179
1529602256 -6764.194325459971 255.40737978868663 -271.1684582541367
1529602266 -6763.202198034065 207.68926659567057 -331.2669432536197
1529602276 -6761.341760031028 159.94429818363105 -391.32301713666567
1529602286 -6758.61329056238 112.17898913085294 -451.3284655920455
1529602296 -6755.017160290124 64.39928005983907 -511.2758062886749
1529602306 -6750.553838108623 16.611112847374223 -571.1575639696053
1529602316 -6745.2239606444655 -31.17899312050155 -630.9655497499974
1529602326 -6739.028224413316 -78.96509538787573 -690.6923077105278
1529602336 -6731.967423904706 -126.74125236338261 -750.3303916715377
1529602346 -6724.042552354522 -174.5009475426036 -809.8716478456508
1529602356 -6715.254631151115 -222.23824365634295 -869.3086555432008
1529602366 -6705.6047792763675 -269.9472064149147 -928.6340064640694
1529602376 -6695.094345231091 -317.62132987289937 -987.839591535525
1529602386 -6683.724673894185 -365.25468895295444 -1046.918034061066
1529602396 -6671.497207236583 -412.84136366624773 -1105.8619723653674
1529602406 -6658.413647244283 -460.37486628076005 -1164.6633516399886
1529602416 -6644.475660506199 -507.8492908926038 -1223.314847880102
1529602426 -6629.685010082591 -555.2587387834618 -1281.8091547080444
1529602436 -6614.043749232541 -602.5967480586136 -1340.138281052464
1529602446 -6597.55386408097 -649.8574389323645 -1398.294964217267
1529602456 -6580.217436484203 -697.0349408919932 -1456.2719617167131
1529602466 -6562.036868335689 -744.1228254586193 -1514.0613555941834
1529602476 -6543.014384508697 -791.1154347334068 -1571.656184311987
1529602486 -6523.152617645073 -838.0063666996432 -1629.0485838158818
1529602496 -6502.454080541609 -884.7898004163986 -1686.2314124966235
1529602506 -6480.9213802349495 -931.4599276569022 -1743.1975531898745
1529602516 -6458.557492668472 -978.0103923291119 -1799.9392303481402
1529602526 -6435.365242485769 -1024.435417895877 -1856.4493861862381
1529602536 -6411.3475475232 -1070.729242572577 -1912.7209898577673
1529602546 -6386.507723275532 -1116.8855636065068 -1968.7463633936188
1529602556 -6360.848902657353 -1162.8986556052512 -2024.5185410674376
1529602566 -6334.374310617287 -1208.7628099444967 -2080.030586546734
1529602576 -6307.087598046165 -1254.4717845474383 -2135.2749283775156
1529602586 -6278.992202186863 -1300.0199118296514 -2190.244700996018
1529602596 -6250.091651047459 -1345.4015429661085 -2244.9330706468772
1529602606 -6220.3899263633775 -1390.6105038025214 -2299.3325811788213
1529602616 -6189.890765402365 -1435.641191141683 -2353.436475155913
1529602626 -6158.597994821914 -1480.4880225084285 -2407.2380293193587
1529602636 -6126.515922261789 -1525.144898820211 -2460.729911450245
1529602646 -6093.648580359615 -1569.6062877519323 -2513.9054800548824
1529602656 -6060.000089662869 -1613.8666796328475 -2566.7581301377263
1529602666 -6025.5750783953135 -1657.9200574952763 -2619.2806618735813
1529602676 -5990.37772640873 -1701.7611422209022 -2671.466766640829
1529602686 -5954.4128725112805 -1745.3839754408154 -2723.309337488611
1529602696 -5917.685030349412 -1788.783157082913 -2774.8019430904637
1529602706 -5880.198798789179 -1831.9533128751161 -2825.9381923715737
1529602716 -5841.959327537706 -1874.8885780413686 -2876.711124473975
1529602726 -5802.971411541993 -1917.5836401585427 -2927.1144440501084
1529602736 -5763.2399292249365 -1960.0332144426698 -2977.141898183405
1529602746 -5722.770334905512 -2002.2315364297294 -3026.7866800733445
1529602756 -5681.56769896182 -2044.1733874208721 -3076.0426375381944
1529602766 -5639.637173409206 -2085.853578158403 -3124.9036629509546
1529602776 -5596.984510548496 -2127.2664510726568 -3173.363111328959
1529602786 -5553.615050009905 -2168.4068871370046 -3221.4149806540486
1529602796 -5509.534211129971 -2209.269798529003 -3269.0533155288344
1529602806 -5464.748037229919 -2249.849641011176 -3316.271640336081
1529602816 -5419.262130712363 -2290.1414010443605 -3363.0641100237135
1529602826 -5373.0821716709115 -2330.1400980113012 -3409.424928161468
1529602836 -5326.214487160622 -2369.840307297691 -3455.347795829724
1529602846 -5278.664935590464 -2409.237126524402 -3500.8270315384084
1529602856 -5230.439450959869 -2448.325687908947 -3545.8570043580767
1529602866 -5181.544636462852 -2487.10069259252 -3590.4315991700946
1529602876 -5131.986599469383 -2525.5573548836533 -3634.545304433348
1529602886 -5081.771520758933 -2563.690925316269 -3678.192661040588
1529602896 -5030.906271770193 -2601.4962367570765 -3721.3677445447643
1529602906 -4979.396992998814 -2638.9687756647872 -3764.0653903409284
1529602916 -4927.250730185563 -2676.1034659567345 -3806.279804795279
1529602926 -4874.473989260589 -2712.8957282887945 -3848.0057732162168
1529602936 -4821.07334575635 -2749.341022152547 -3889.238136320249
1529602946 -4767.056099867719 -2785.4344127645027 -3929.9713020617332
1529602956 -4712.4289864234925 -2821.1714514523537 -3970.2002416558544
1529602966 -4657.198807474932 -2856.5477298792193 -4009.9199834174724
1529602976 -4601.373109035896 -2891.558460070357 -4049.1251431088754
1529602986 -4544.958846864343 -2926.1993289718807 -4087.810883418557
1529602996 -4487.963041490339 -2960.466065315727 -4125.9724257572425
1529603006 -4430.393475857609 -2994.3540332622724 -4163.604599659568
1529603016 -4372.257318454792 -3027.859060155621 -4200.702764621157
1529603026 -4313.56180002936 -3060.9770165228433 -4237.262340409129
1529603036 -4254.314931320133 -3093.703423800466 -4273.278376037492
1529603046 -4194.524085134674 -3126.034254336245 -4308.746432902799
1529603056 -4134.19669396222 -3157.9655250064557 -4343.662134151068
1529603066 -4073.3409869719135 -3189.492919472986 -4378.020753718457
1529603076 -4011.9645326730038 -3220.6125595175668 -4411.81805975507
1529603086 -3950.0749566204313 -3251.3206127422873 -4445.049883564876
1529603096 -3887.680696829504 -3281.6129297888697 -4477.711729181966
1529603106 -3824.7895086989183 -3311.4857861247847 -4509.799576118217
1529603116 -3761.4092019852505 -3340.9355042733787 -4541.309468367579
1529603126 -3697.5484137554495 -3369.9581064137105 -4572.237144968736
1529603136 -3633.214817532604 -3398.550139930205 -4602.578922044168
1529603146 -3568.4171775482564 -3426.707743791789 -4632.330697892295
