1529597079 -6147.834396885966 -1502.5477487740325 -2410.879954922079
1529597086 -6137.603317675838 -1535.125021608642 -2431.5608998402013
1529597095 -6091.752362480434 -1591.7034286691685 -2484.761318075036
1529597104 -6070.017914054722 -1626.3647019167997 -2539.004466424093
1529597108 -6049.74608473383 -1654.263190166016 -2566.510818792256
1529597118 -6030.449620404546 -1686.4613325284076 -2616.449786024851
1529597138 -5941.787245969104 -1759.9679206754681 -2725.8968462273083
1529597140 -5942.992530742021 -1782.7042209899253 -2729.4257445770313
1529597152 -5899.545388704476 -1819.7007794600347 -2794.8730338728437
1529597170 -5837.573171930263 -1900.3548408045403 -2881.000159441716
1529597182 -5781.024910970541 -1967.2511784406145 -2931.3607200457504
1529597196 -5727.867410690344 -2007.6379961483542 -3004.1403542633043
1529597214 -5665.109448618497 -2084.3053279068145 -3085.666145713925
1529597217 -5638.115995067939 -2113.389173479139 -3108.5224215851235
1529597232 -5568.061030007538 -2181.755437263053 -3170.835708758883
1529597249 -5487.138878063778 -2238.154243611464 -3266.439295962571
1529597254 -5486.0857406113555 -2264.578159031593 -3302.4569637806662
1529597255 -5488.697856621786 -2254.6864151894088 -3288.2637267358964
1529597261 -5441.937888299117 -2276.495316272291 -3333.8539323904224
1529597280 -5352.066766950538 -2368.4300262435745 -3420.790605871297
1529597292 -5294.961231119804 -2420.9945223944173 -3461.5902084394975
1529597311 -5197.564149535841 -2483.471778520516 -3557.428281422414
1529597331 -5117.182179615023 -2559.5599950210053 -3639.603904786886
1529597333 -5103.624208868621 -2560.2225407142814 -3641.002866488909
1529597342 -5055.79001711983 -2598.689977591783 -3679.221887062239
1529597362 -4941.192397261885 -2669.7539248981548 -3761.0215110105582
1529597382 -4838.21962797742 -2758.0562967049887 -3853.2703767334615
1529597383 -4851.231818450158 -2751.810938711037 -3871.603852296773
1529597390 -4805.28741304348 -2787.7185777489162 -3885.6237777820775
1529597406 -4715.637111384795 -2846.7777806731683 -3941.6315496022876
1529597414 -4659.52017213721 -2873.5433819683267 -4000.562973073985
1529597430 -4575.339934247566 -2913.6700762182013 -4054.0133173175773
1529597448 -4491.618134146613 -2973.6761887177845 -4119.284445822614
1529597462 -4410.233298028712 -3035.353299230487 -4173.197989969457
1529597470 -4362.954160835949 -3050.7745057614884 -4211.903940365133
1529597472 -4337.775216571118 -3068.960372496293 -4221.904752351148
1529597480 -4307.3552782230345 -3091.236127909516 -4229.376161947084
1529597483 -4279.490947664874 -3085.0950049605276 -4239.071123856453
1529597498 -4198.395606406126 -3137.8059915963076 -4305.9097523725795
1529597513 -4084.5610609168734 -3177.695903295807 -4340.1645627592425
1529597514 -4101.531567144903 -3181.1019354388854 -4367.779902343183
1529597530 -4007.7113539826764 -3253.3574670556823 -4410.4042488979885
1529597549 -3870.9290962140503 -3286.876957276192 -4470.1844782396265
1529597565 -3761.51384501885 -3350.435677751813 -4526.587576701902
1529597577 -3698.1505073930625 -3396.0612080325636 -4553.527960825112
1529597580 -3668.0226999312586 -3377.654570066767 -4584.099762610004
1529597581 -3683.321669124636 -3393.9532726223015 -4586.14345780875
1529598263 1320.631928996712 -4186.656597930027 -5168.615598171768
1529598278 1450.4525628158697 -4170.742656652898 -5148.165204584978
1529598291 1553.995965688999 -4179.529391967086 -5133.57867127195
1529598299 1604.812473897852 -4162.605186678703 -5112.578580411626
1529598302 1624.6873862891716 -4168.502249827084 -5100.118574255202
1529598313 1711.2994739452838 -4149.814291092773 -5083.178293840377
1529598316 1716.2958508838885 -4156.553552988789 -5077.549890891463
1529598317 1729.256774944756 -4142.705711860691 -5067.842950898163
1529598331 1848.959917786685 -4120.660499682207 -5048.712797695576
1529598342 1903.5104297824178 -4125.121136895878 -5038.802214649883
1529598350 1984.4660709237853 -4103.189827373884 -5022.340859909075
1529598356 2011.6116134466622 -4103.167180973976 -5009.156569143944
1529598368 2107.7610739297675 -4090.1230646338518 -4976.439397510662
1529598371 2126.7160982677824 -4075.994167693871 -4983.121791791677
1529598390 2266.1177750454235 -4054.401535938946 -4932.837047434133
1529598406 2372.3036211659382 -4042.424228249008 -4893.899712194191
1529598411 2417.8633032600956 -4041.2840065733635 -4894.496038402617
1529598425 2515.8456152010112 -4007.814649065593 -4853.120112623259
1529598440 2635.1887441684994 -4001.7164005871778 -4806.554220923129
1529598458 2745.3306963170207 -3956.5733344831892 -4775.290400447339
1529598462 2775.216350073723 -3954.6918623330275 -4765.215974875
1529598472 2840.4681429455677 -3931.088905585639 -4728.0276941827005
1529598483 2919.0757236665704 -3909.109422864786 -4683.786395293908
1529598496 3018.232807803388 -3900.794074280795 -4649.942656383397
1529598509 3095.533290536365 -3873.7344595056657 -4627.041220182582
1529598529 3235.9271054951896 -3833.325085307748 -4556.808568789213
1529598541 3312.518764324518 -3811.9001511705287 -4525.952724481033
1529598558 3428.4502687266986 -3773.8807166981096 -4455.593108485396
1529598564 3469.1955808458465 -3765.802229369802 -4457.064377047498
1529598580 3573.9768215547315 -3732.1312103986256 -4405.9994103033205
1529598598 3689.829338902214 -3695.5905961226636 -4330.312807669564
1529598600 3700.412319464667 -3671.8222724407 -4330.868976983124
1529598619 3823.9501053247586 -3631.756559349195 -4270.570018668635
1529598622 3852.4004175252785 -3634.841541267896 -4257.612761423132
1529598624 3843.901498579321 -3633.462344365535 -4239.514011508164
1529598628 3878.5711154618393 -3600.0126479149794 -4235.5766354088755
1529598643 3984.5243391920662 -3578.1202107259287 -4172.903319647411
1529598655 4049.9564583959973 -3556.2274675626227 -4118.063768846049
1529598668 4124.121053310343 -3502.9472797863186 -4061.8670886748423
1529598686 4226.403362568925 -3460.976642684624 -4019.146431749516
1529598696 4290.555494759059 -3432.48047236583 -3961.446355431712
1529598699 4317.173185791987 -3429.0871391268774 -3954.6641566806034
1529598704 4328.693706319038 -3406.5969514074386 -3946.8493997353257
1529598709 4364.630345665897 -3399.0771436109326 -3926.741717137364
1529598725 4459.044236789612 -3345.395738239879 -3859.8801421260123
1529598742 4574.217989584065 -3294.7768767383272 -3777.87486540766
1529598754 4615.790141900605 -3248.994665763257 -3717.3222731630076
1529598766 4685.047521344658 -3238.350143654217 -3673.914985558941
1529598785 4787.326201445407 -3154.7377947728064 -3581.774928191835
1529598793 4839.546574613238 -3134.9850560235145 -3549.992301577432
1529598808 4931.145880212751 -3101.8565703487493 -3481.7032386451433
1529598810 4921.747339481564 -3101.865659582237 -3476.577231947489
1529598827 5019.612344085185 -3043.7913392244604 -3389.916323600914
1529598840 5074.047625386609 -3001.215103191288 -3346.378158913897
1529598846 5103.89796136509 -2957.2510800277832 -3311.854349867224
1529598847 5135.661979095638 -2973.3433627698078 -3292.8380083246193
1529598850 5128.322627780358 -2961.2023955298237 -3302.270041264636
1529598851 5129.576824959226 -2960.998672471259 -3283.970669869865
1529598857 5163.160183124337 -2930.2833260734833 -3264.0103971986687
1529598874 5246.011534434882 -2872.3220588515305 -3180.28695591798
1529598893 5357.531074800354 -2816.4837010052256 -3078.116638320138
1529598896 5353.581410765032 -2807.438449426879 -3063.8907867089956
1529598911 5440.792744483408 -2733.6723136531987 -3008.317635868167
1529598923 5497.393666995401 -2688.567472927838 -2932.2568899491116
1529599611 6677.090203413138 355.5522044007593 1026.7537696578104
1529599620 6665.594303175689 395.77165439417536 1071.1691148693067
1529599636 6643.258956732734 481.85836506132614 1157.0960035234914
1529599638 6644.55797989016 479.477843495504 1171.8398941695339
1529599654 6617.849159406636 580.2580244522784 1266.8958906521334
1529599672 6589.5658074987205 645.2898266724535 1374.0941671234843
1529599676 6610.129984348549 657.2449913902162 1412.8337028994508
1529599696 6566.883939787511 773.6112572239248 1503.0758260046089
1529599700 6550.107302222536 770.7486890532995 1526.812687596391
1529599704 6558.259412237694 802.2061812461775 1549.8254437976423
1529599718 6515.594501188932 862.4947673561686 1647.5002906801603
1529599733 6490.526816971645 930.6475171049789 1717.213585535177
1529599751 6437.9941194397525 1017.2329548424995 1831.406766281335
1529599758 6435.968559664964 1067.4271333067009 1868.304955446467
1529599762 6417.9215336513325 1067.3288857240022 1905.1343617082105
1529599771 6403.447512665697 1104.4029065788227 1957.1891200152588
1529599785 6371.449320337554 1176.8175795711657 2008.5812968946523
1529599791 6333.591884005773 1192.6380068053409 2052.7584720264617
1529599796 6331.585572793424 1238.4557411040582 2080.430141624075
1529599798 6335.226841656084 1228.966132118876 2101.009155191426
1529599811 6297.237812717184 1290.38305234254 2153.1125150220796
1529599825 6244.010865420945 1352.9069983697673 2228.9787177202365
1529599832 6218.326077186432 1387.0832091882596 2288.3978958939015
1529599835 6210.01589105222 1401.390917464173 2288.794977617616
1529599850 6168.033189290994 1462.855816547303 2383.9056372089285
1529599861 6139.748248532633 1526.4237222609434 2449.3497297943254
1529599863 6114.320326946912 1529.231194230548 2434.109332012732
1529599866 6108.082390579862 1536.3629149197757 2474.387682455586
1529599874 6089.6405424295945 1590.5450214540099 2513.722827521175
1529599880 6057.85954976632 1592.2832375708804 2535.4213956163076
1529599897 6002.571796127763 1674.6986664629578 2622.352792828268
1529599909 5961.9558612191995 1739.2421897702238 2683.4609068771024
1529599918 5944.14550938789 1775.2629096041278 2720.8250141096046
1529599933 5881.859947313627 1835.261212628069 2804.1216094204647
1529599942 5839.576466976326 1887.3502974133226 2860.7801340089177
1529599954 5815.360566560265 1933.82845271479 2909.0749572415316
1529599966 5751.806464571519 1992.0586148311584 2987.175776549714
1529599968 5749.983670322714 1990.6343052538298 2991.683895471001
1529599969 5737.413424500023 1999.5956035375066 2981.4636465263734
1529599976 5726.6180430745035 2010.4755948256586 3026.7216449527637
1529599989 5663.467110038501 2065.407818753053 3080.601818597793
1529599997 5621.8135705191935 2096.4645176883832 3120.9929811226875
1529600001 5592.330961745769 2110.258933076246 3139.0724918194123
1529600012 5548.320649366421 2175.230255312347 3210.961615180191
1529600018 5543.940255930993 2178.7031894303086 3245.090870601478
1529600033 5475.923924278543 2241.8201996431085 3292.591136992002
1529600049 5395.794250598665 2323.9866893267094 3367.128603093056
1529600064 5334.675313621053 2384.069401388228 3438.298096662436
1529600066 5326.149754744633 2395.4869335029116 3444.198088238472
1529600081 5252.067347477106 2436.7018397100865 3516.6129750799746
1529600093 5189.714069309841 2502.760126789401 3573.8043293163555
1529600096 5182.8747161131205 2488.3132725283904 3579.2637134106844
1529600103 5132.314393350394 2526.4903076573964 3622.4755497231517
1529600105 5128.2124516452395 2542.6767287130997 3621.243511347483
1529600108 5112.867661300806 2563.2231546077396 3642.541578292244
1529600119 5038.988522874639 2590.7910687058843 3686.4650327067966
1529600124 5033.574222792865 2608.0002148249846 3724.362926200347
1529600136 4969.636828305051 2654.5838820674426 3772.5321092028707
1529600139 4958.9895177481785 2670.6218367869183 3776.2446179813664
1529600143 4942.069659792454 2689.4642988914584 3796.56907243802
1529600163 4814.988156845726 2741.582863388187 3883.0873656511426
1529600181 4717.816012930297 2825.884045375552 3964.7073477616736
1529600196 4629.2434301648655 2866.8975142734453 4022.314069064597
1529600215 4529.57160869334 2946.323439890109 4074.736115399935
1529600231 4435.630636234568 3000.821115559751 4131.895833969775
1529600241 4371.027631172658 3015.949781890186 4179.34915931272
1529600259 4267.587205409303 3085.6146322658637 4234.664552736676
1529600279 4151.138179999125 3139.346909970355 4330.958200217311
1529600973 -826.8571190938231 4219.854987383161 5228.241122150847
1529600975 -863.4978302216836 4204.930381980961 5218.48386033223
1529600980 -878.896751353516 4212.801101065116 5211.399977928875
1529600997 -1029.1447052471253 4196.126263300231 5216.661756130956
1529601009 -1106.585332634059 4195.073434602972 5180.083604390074
1529601015 -1145.1845677589356 4198.104922771123 5173.46003164464
1529601034 -1300.5986416831847 4183.39542036264 5160.330689226084
1529601038 -1327.3908749018658 4186.037627473455 5140.578670354253
1529601044 -1366.9214789084167 4163.986044451395 5141.104505512787
1529601062 -1510.8133478585535 4166.743220236382 5124.599717801795
1529601075 -1612.0291635577573 4162.58981191638 5089.830744570173
1529601088 -1710.8741872523253 4130.916966119836 5061.173518765013
1529601091 -1710.5973048497717 4133.396344003708 5067.202596845252
1529601101 -1791.783799180904 4132.264688300119 5047.441827668545
1529601116 -1924.2076070345342 4130.444610217356 5015.966228142189
1529601122 -1959.8454812348803 4099.050490163637 5018.068545492948
1529601130 -2017.0525506345928 4112.00672723973 4996.904408590991
1529601142 -2094.4971643896606 4094.589528064878 4968.631524829263
1529601154 -2189.966391457106 4066.2155977322946 4930.756075478011
1529601161 -2235.1147406554596 4054.7402640457003 4932.043753436966
1529601171 -2296.0956290379513 4043.72131993141 4896.533660855269
1529601180 -2370.132163751192 4038.617768762757 4897.765006597283
1529601199 -2509.8023717979254 4011.204705142192 4842.235625620081
1529601217 -2643.684127135232 3976.14974491679 4792.35989835052
1529601234 -2756.831653541186 3962.1531018600404 4761.427015068907
1529601239 -2779.1090531405325 3965.47817028633 4746.348716515703
1529601246 -2850.0184566709445 3944.7340991291244 4706.931094919674
1529601250 -2869.1355509714544 3925.691873286273 4709.434136830559
1529601252 -2887.2925547006557 3931.41928967557 4694.375802109806
1529601259 -2936.127715631739 3918.477993789876 4681.935284710938
1529601269 -2987.7041759667145 3911.356235910534 4645.275429904971
1529601274 -3022.4165627113566 3887.0278614077915 4626.287492523451
1529601287 -3136.988376185155 3871.936773766138 4590.291531855202
1529601291 -3145.5218104841197 3864.200994583803 4599.145435846707
1529601295 -3191.4524227510747 3862.777837701928 4577.581421769928
1529601310 -3290.9008265397224 3805.9153309031776 4535.863952514922
1529601317 -3335.503750370995 3797.398648682023 4502.521995005615
1529601320 -3345.8085887386464 3809.441734193646 4493.083776559129
1529601330 -3422.2082554377416 3768.9911054367053 4450.888647264775
1529601340 -3484.106876196926 3767.810287666392 4440.303177029074
1529601352 -3545.943606539735 3726.2296743526645 4380.291234955135
1529601364 -3637.981978423393 3696.9975623146656 4350.107544717798
1529601373 -3697.5208810461086 3671.4837159186523 4311.534365961163
1529601390 -3802.809309592884 3630.7642252562114 4270.848628916471
1529601407 -3903.632965909344 3598.1844767469875 4185.93344413657
1529601411 -3936.0418243936538 3584.7319184667153 4192.39493557199
1529601414 -3961.457506355641 3596.3140702355145 4173.532997322965
1529601420 -3999.352806516348 3564.327470266957 4146.4920367195955
1529601439 -4119.570921164171 3507.274994674068 4070.654634659328
1529601455 -4210.422591343797 3462.2948045630096 4000.4525429165506
1529601464 -4253.375026280129 3452.5224390206104 3983.3609906281836
1529601473 -4314.288994792336 3415.482655116637 3954.855011462506
1529601485 -4374.862107739783 3404.5990798701996 3892.912577840598
1529601497 -4445.360066591546 3369.1498763771738 3838.22439963545
1529601503 -4483.678850310438 3337.7338118924013 3809.246570828891
1529601509 -4515.1747500005085 3320.908720636126 3800.1302217918565
1529601511 -4524.404056572185 3319.261999128473 3792.24440212023
1529601516 -4573.294862124478 3288.7501523966444 3750.1461266828333
1529601527 -4632.8654247937175 3276.5755115891047 3722.8386500555016
1529601540 -4687.149077293926 3215.8874006470314 3651.7959708233816
1529601549 -4737.565180789729 3202.256534562772 3620.36467731783
1529601555 -4770.419170961623 3178.2833821896297 3580.4519014389043
1529601565 -4822.6201886006975 3164.0391757143007 3535.427509757201
1529601584 -4925.549120954506 3091.2720187841587 3448.5037464670727
1529601589 -4968.916661745833 3061.5039228039277 3454.0664911760823
1529601604 -5024.52751370036 3030.651751364158 3371.4920042981357
1529601624 -5139.859923448633 2954.6206973906897 3282.9543171361906
1529602315 -6736.6311202888255 -25.877765547618765 -629.915977309504
1529602322 -6742.33000586388 -74.13927508040604 -654.8725922420635
1529602332 -6725.679230414661 -102.71698839325525 -728.048971045844
1529602337 -6720.748287590392 -118.64890154745021 -769.302848771822
1529602343 -6719.877958584636 -173.89647740839962 -777.8076242654639
1529602357 -6720.0441984321305 -233.10022126947788 -869.1964434187016
1529602361 -6697.14704894636 -233.99882747477585 -909.0478703026027
1529602363 -6706.623108958685 -254.75022830791806 -897.2399279370454
1529602371 -6694.099039463134 -302.26465458131395 -953.2969361624561
1529602376 -6683.332502868719 -312.322391291168 -973.6006547553135
1529602393 -6684.141044175353 -402.08353448116617 -1075.24779923549
1529602394 -6677.123222601195 -398.45111718639833 -1094.6988308263597
1529602407 -6667.2548659936465 -473.4588409204725 -1183.6707111968424
1529602426 -6643.123189488125 -556.5563609913768 -1279.7694720147422
1529602436 -6609.439613015077 -608.6105835801746 -1348.932959007869
1529602437 -6599.563231344804 -613.8344369585956 -1339.9659525285024
1529602452 -6597.002996787747 -691.8776791550937 -1419.2481135796997
1529602454 -6584.858167034051 -697.0597716997822 -1453.7255183284858
1529602473 -6550.312964353416 -777.516882654057 -1567.7157006616324
1529602479 -6539.0240446102525 -798.4145986989286 -1581.155368276685
1529602498 -6490.928387788464 -881.9667965392874 -1709.1425552994474
1529602509 -6484.22105150058 -930.4605709374567 -1758.0904103164771
1529602525 -6438.243500535365 -1010.5720520410789 -1836.494702603461
1529602543 -6405.190066254947 -1108.5851960084076 -1963.458324236717
1529602556 -6346.8857517018905 -1157.0922946647127 -2036.8115305547228
1529602573 -6306.995067762476 -1228.2342710968906 -2115.174715720649
1529602585 -6271.951285778118 -1299.4622279928656 -2196.016227857272
1529602594 -6244.110360829891 -1321.520165391254 -2226.7605909199588
1529602595 -6252.055553788949 -1353.1462624768546 -2246.2273840439902
1529602608 -6220.519738504143 -1387.74828371345 -2299.1687685973257
1529602626 -6159.539912772515 -1472.2104209213442 -2415.98583961027
1529602643 -6112.4007370781865 -1561.7434162137104 -2491.737442211085
1529602644 -6093.052675523804 -1559.7161942969979 -2496.8464771701165
1529602652 -6059.459500038009 -1582.9608788604637 -2560.5940041188237
1529602661 -6042.014102044428 -1623.8276986142516 -2606.9364273066744
1529602677 -5998.770017350697 -1706.2220238724694 -2667.8817784843964
1529602692 -5933.947444216785 -1784.2983212055208 -2768.8101231350556
1529602709 -5871.166195061051 -1852.2949107307118 -2838.6337026850883
1529602727 -5805.819426134742 -1932.1261600749544 -2942.0176594251834
1529602740 -5749.148269625619 -1973.1785182558783 -3008.5798064645774
1529602752 -5684.745685560904 -2022.4906795827005 -3042.562534429246
1529602756 -5676.998313574449 -2054.852440292768 -3064.2986102221
1529602761 -5655.375694492265 -2059.6493998728606 -3090.0227457415526
1529602779 -5583.534450827441 -2145.5743417409 -3183.251076320093
1529602787 -5545.631147568438 -2161.7747871968377 -3236.3565647887986
1529602794 -5527.078735010777 -2196.263632225539 -3247.5237314669293
1529602795 -5517.666128512918 -2201.3374247832326 -3257.354173757557
1529602800 -5482.872647919234 -2220.506063769225 -3277.4644290420315
1529602803 -5464.860658463649 -2238.8560665728687 -3308.855805488833
1529602823 -5389.297375838342 -2316.72814273525 -3404.9137989405517
1529602841 -5294.24300925753 -2380.743712577188 -3488.102626685983
1529602855 -5223.777466112037 -2447.926440567194 -3547.9719687716247
1529602865 -5187.960025642674 -2490.861894722653 -3599.3621100349355
1529602881 -5099.93010467282 -2550.2608423380375 -3644.533297318915
1529602893 -5051.3955868357425 -2583.518353421323 -3704.8269903904243
1529602894 -5043.019446192477 -2584.6707457021316 -3724.540733082092
1529602909 -4959.791556743803 -2655.8609967540006 -3775.664559026943
1529602929 -4852.03536324599 -2737.8539466766792 -3860.2685660838183
1529602934 -4838.470975526314 -2727.214604552261 -3891.995155737669
1529602941 -4801.199896259317 -2773.1846660099745 -3901.004529824139
1529602955 -4720.9935931524415 -2818.3347434161087 -3971.4266771462803
1529602956 -4724.913961696459 -2814.3523966354387 -3983.75749595201
1529602963 -4662.626608747328 -2852.98044813157 -3988.4438704563986
1529602964 -4654.363096632117 -2854.4171602040433 -4011.3987423093085
1529602976 -4606.797715434185 -2897.4910737472983 -4063.154232391661
1529602982 -4556.592026097586 -2914.7798859977947 -4069.6972275590283
1529602990 -4507.6206554583905 -2950.079664115103 -4098.291989801141
1529603662 180.01796505315116 -4232.672479215801 -5290.923124811441
1529603668 240.94640426856822 -4216.117229152055 -5294.22834459531
1529603675 281.7603653593705 -4212.281703930806 -5298.44870575188
1529603677 291.610691896239 -4222.334848598707 -5288.523613342744
1529603682 343.4706581753746 -4231.938228701154 -5280.850996571216
1529603694 439.309576691088 -4227.1254758026225 -5289.395384033857
1529603714 578.9197669763482 -4235.449651154507 -5253.752613274096
1529603726 681.3261483415976 -4212.054155155444 -5255.2484174448355
1529603730 700.2900649324147 -4234.458061695504 -5252.752476185096
1529603743 813.5807427228593 -4207.35724364098 -5229.7113790720305
1529603753 873.4316628387776 -4204.397370981474 -5226.2922218367485
1529603764 964.1741716984674 -4209.796818318153 -5227.314357468197
1529603777 1060.378315076831 -4198.234339876736 -5205.173521032812
1529603783 1105.3134317538297 -4211.566331330857 -5191.612750085595
1529603788 1161.8123886830017 -4214.752073772173 -5203.859889218803
1529603792 1184.1811482483572 -4205.403616176361 -5181.139452358804
1529603794 1182.5192246089607 -4206.817647764668 -5185.195265322541
1529603800 1224.8839294268062 -4199.466578886685 -5175.673204590195
1529603810 1322.6230211761097 -4178.998691236694 -5174.390067527958
1529603815 1358.5609036604692 -4194.883849436479 -5162.181682270428
1529603835 1491.4649514037353 -4161.028170687836 -5118.192076783957
1529603852 1633.720029992621 -4174.594026936096 -5097.108611421685
1529603863 1700.3318642615006 -4150.121865859829 -5089.085625397068
1529603880 1832.8945340818668 -4142.764166022217 -5041.296034149298
1529603885 1865.220505622431 -4132.2808716541795 -5046.692399086539
1529603899 1980.1454443340933 -4111.836268148301 -4997.234852647772
1529603910 2041.276554881201 -4100.240845352827 -4976.639376368276
1529603918 2123.66075491416 -4110.028424266997 -4980.9206917485835
1529603923 2155.3753248390617 -4084.592524883866 -4965.503672446759
1529603931 2200.897560923012 -4087.266398783492 -4954.718969249646
1529603935 2229.5476866091544 -4074.6277883799703 -4933.417664475147
1529603949 2346.9686829763173 -4068.781113272063 -4896.83123718751
1529603958 2393.106476352902 -4051.911684101563 -4876.521734787001
1529603963 2429.768409753489 -4045.2179251791813 -4878.563858724487
1529603969 2469.74405042706 -4019.9207619146396 -4851.1125772016785
1529603976 2515.1914174274075 -4006.864617943506 -4849.302433322509
1529603978 2550.688308080979 -4011.606499951724 -4832.324981544427
1529603981 2550.3066129076647 -4009.5038846872685 -4826.285280559774
1529603985 2603.094542906806 -4012.2797808041564 -4815.114504764084
1529603999 2706.6781309838752 -3976.7052057380884 -4768.171516293933
1529604018 2813.9399658862008 -3953.454378983003 -4735.336823930413
1529604021 2845.3317710253878 -3962.6312011251557 -4708.613135727983
1529604035 2927.6973309910345 -3929.661450781447 -4682.901476824879
1529604043 2985.8706274344804 -3899.2481628716455 -4646.568514570216
1529604049 3038.146854344903 -3892.883008238232 -4625.9876962440985
1529604051 3046.387964489816 -3898.9315071916053 -4623.811105074318
1529604052 3048.367602074326 -3900.5125514140523 -4618.761651403584
1529604061 3133.8578336653254 -3864.199133157714 -4611.240954367481
1529604062 3134.6823929961993 -3887.693832685571 -4610.068196033452
1529604066 3159.907815586103 -3872.6711584534905 -4593.377803554326
1529604080 3259.448645799357 -3848.0645935588145 -4544.688653942235
1529604095 3353.4293537206013 -3817.593693338189 -4511.0864725309075
1529604101 3376.2528527024897 -3804.8687563149306 -4488.154945603182
1529604108 3446.2925957245684 -3787.840929755122 -4452.805553089776
1529604124 3553.2208399824376 -3736.670642509591 -4416.076595970455
1529604129 3562.385556893452 -3742.828762957696 -4370.394652071917
1529604148 3701.071360133709 -3681.273500173367 -4317.136488105595
1529604167 3816.831827356555 -3649.481990706635 -4243.168852329388
1529604171 3826.753828352277 -3638.2732861843638 -4231.213268026605
1529604180 3898.3243595409117 -3611.8756170538672 -4214.135141898441
1529604199 4014.2326342077145 -3565.02133549085 -4140.647628496991
1529604218 4133.267545153753 -3523.1168032595497 -4053.6119730478204
1529604224 4166.491489104268 -3503.180508820495 -4034.2114859893577
1529604236 4248.757433001158 -3481.549756384117 -3976.0366187360155
1529604243 4272.835149226253 -3456.6773988588657 -3974.798728893131
1529604255 4344.089008263656 -3424.8810862119676 -3902.166713705965
1529604260 4386.761348198552 -3409.286672232611 -3884.84267840342
1529604273 4471.165756991219 -3379.999678550799 -3832.8066549684872
1529604274 4460.203305808404 -3374.502723966956 -3833.559376560893
1529604285 4534.403023534121 -3321.122201530969 -3798.2274876238525
1529604300 4614.721698217513 -3302.9257149627656 -3731.743498070534
1529604315 4689.5297499247445 -3235.8761370334605 -3655.7102828844286
1529604321 4731.8586686772815 -3226.3964191899263 -3625.5207557897206
1529604322 4721.179435499083 -3229.040645083058 -3619.2746879391934
1529604336 4820.59021230076 -3190.3022822215357 -3576.255124783599
1529605013 6758.805584254467 -371.15853688689594 158.42181676153027
1529605015 6765.089024560869 -339.55707264633 163.48981443404293
1529605033 6768.382199384722 -254.30548773958296 275.1119118263217
1529605040 6773.151888310323 -228.3026297107713 330.71685105364526
1529605055 6772.368097069793 -159.31457814709916 423.2530684315435
1529605070 6764.126892673658 -78.73692706544402 516.6755906063779
1529605088 6747.317927340413 -1.3221778752624722 606.6709711537575
1529605106 6738.816272859728 91.8441835648648 725.5886878065514
1529605117 6717.058866645443 123.02619990655165 774.3334356173901
1529605121 6739.463089521943 152.84668109740608 807.6921426437704
1529605130 6711.529048176727 201.69303880006234 860.8689333772094
1529605136 6704.007977303387 215.36586127564635 887.7883491257057
1529605145 6689.244769796308 279.5094300906786 950.328410257419
1529605153 6704.269510093586 315.29392345017897 983.7394521352359
1529605168 6669.255049986897 364.467282519673 1085.0272016730694
1529605173 6684.3095681549385 408.03565372467637 1105.9947511760627
1529605193 6657.603793519365 502.48169682642344 1240.1567169769048
1529605202 6631.166074047469 525.5429328220929 1276.7160080853594
