1529595693 -2815.404919323398 3934.659402060718 4734.521743821971
1529595705 -2898.7882551078324 3913.7253200247997 4701.485654978413
1529595710 -2933.373978891962 3904.789324020238 4687.463388942459
1529595719 -2995.391107492096 3888.3891125365467 4661.843596097494
1529595737 -3118.4849598914793 3854.378854177953 4609.150013848949
1529595754 -3233.551383677664 3820.787255437872 4557.619880729613
1529595770 -3340.7551665857486 3787.8777436764203 4507.572989254469
1529595777 -3387.3139979733864 3773.088084950544 4485.209736436663
1529595789 -3466.632304995438 3747.1831771848647 4446.215761633337
1529595793 -3492.9302611520657 3738.3941348651715 4433.034343151867
1529595809 -3597.3993148254417 3702.472722358722 4379.399241334813
1529595813 -3623.3332031205964 3693.301977602721 4365.76448605275
1529595832 -3745.4953269801463 3648.708719801948 4299.7766168696035
1529595843 -3815.431400758826 3622.117994178047 4260.658494565246
1529595854 -3884.7754666037968 3594.9649133579182 4220.876944843574
1529595856 -3897.318910980589 3589.967944678012 4213.573207748406
1529595863 -3941.0632949486935 3572.3335411965995 4187.839454317241
1529595872 -3996.9415689580073 3549.330931763283 4154.365508691616
1529595876 -4021.6435099999744 3538.988950357636 4139.348926338964
1529595880 -4046.2626453098405 3528.574423509322 4124.247276267691
1529595892 -4119.620143837918 3496.8968702782563 4078.433813749381
1529595900 -4168.103033085301 3475.419230366215 4047.4711878957505
1529595917 -4269.987732831522 3428.8338637004713 3980.5720575729792
1529595921 -4293.7320016544445 3417.687106632054 3964.614930170526
1529595925 -4317.387876748227 3406.470292718091 3948.5763306744466
1529595941 -4411.120826367187 3360.905613664611 3883.611726341395
1529595955 -4491.949106505866 3320.130486316683 3825.7176471751945
1529595974 -4599.833991166713 3263.458855021449 3745.6060623527255
1529595981 -4639.046464387625 3242.1973094399673 3715.6505965508018
1529595993 -4705.587809827595 3205.275286800765 3663.7541650394746
1529596003 -4760.37496639032 3174.0542039062166 3619.988104041131
1529596021 -4857.447505844833 3116.832327843549 3540.038746952789
1529596030 -4905.228971499863 3087.7336875171204 3499.508126491785
1529596034 -4926.301578691889 3074.697845283234 3481.3772993280686
1529596050 -5009.576365365537 3021.9254251409343 3408.1403124044823
1529596068 -5101.291573389372 2961.3702275916617 3324.4072182023183
1529596069 -5106.324966963268 2957.969724040419 3319.7144281496785
1529596071 -5116.372082242263 2951.1573295984326 3310.316032402109
1529596090 -5210.502684511466 2885.6883191967972 3220.1873264952774
1529596091 -5215.390382787462 2882.2052908404494 3215.4019131347745
1529596093 -5225.1456865022365 2875.228138059788 3205.8186730867187
1529596108 -5297.452122552187 2822.4310558076168 3133.4211414570877
1529596109 -5302.2183467155855 2818.8821113017957 3128.562157148834
1529596122 -5363.557952361041 2772.417872080329 3065.030680689698
1529596141 -5451.110935290153 2703.4294705249586 2970.9812902130734
1529596149 -5487.222001073411 2674.004822324538 2930.9656192194825
1529596169 -5575.519970649815 2599.487628957976 2829.8775410224907
1529596172 -5588.518898289541 2588.1938500695633 2814.5871872615667
1529596182 -5631.38097420935 2550.3329896270807 2763.3852260175645
1529596185 -5644.098789514219 2538.9106972976238 2747.9550067754635
1529596197 -5694.3166542584895 2492.9291291374925 2685.9170187497994
1529596208 -5739.424972224244 2450.374176283017 2628.6109935775644
1529596220 -5787.616536095109 2403.5167776985318 2565.6287335496027
1529596229 -5823.058393411417 2368.081542382432 2518.079104429735
1529596231 -5830.85235626889 2360.173340375972 2507.4765065734236
1529596240 -5865.553411618676 2324.437545208385 2459.606499243172
1529596247 -5892.121516534973 2296.4756490803106 2422.196575032763
1529596258 -5933.12156336198 2252.244330789312 2363.101747515158
1529596273 -5987.543790427567 2191.3661277512883 2281.926079628432
1529596289 -6043.686785875948 2125.7319023700006 2194.610442613242
1529596300 -6081.133660718881 2080.201551236234 2134.1593096826928
1529596305 -6097.842923596508 2059.398630646777 2106.570981940261
1529596317 -6137.145136804631 2009.203349798619 2040.0842459903677
1529596322 -6153.186558435524 1988.1783468616613 2012.2689236987294
1529596333 -6187.781369233474 1941.6997893394073 1950.8486622242674
1529596345 -6224.424377130919 1890.6518597728675 1883.4981064460803
1529596355 -6254.081039728139 1847.8445223669328 1827.1053986713546
1529596369 -6294.250138774456 1787.5166687665162 1747.7617290987203
1529596387 -6343.5665730437295 1709.2931527895093 1645.1028050536147
1529596395 -6364.638801967736 1674.2969433646174 1599.2537624259394
1529596403 -6385.187848973556 1639.1631049424216 1553.2728809146008
1529596406 -6392.758474488607 1625.9530885787306 1535.9969208258856
1529596418 -6422.3013337290695 1572.9262445433412 1466.7165557980552
1529596428 -6446.013180594716 1528.5146817293412 1408.7747083279373
1529596447 -6488.78242635462 1443.5963845608228 1298.1911976423723
1529596467 -6530.551993376458 1353.4865682521076 1181.1366185801855
1529596471 -6538.50401070514 1335.3795675631948 1157.6506005198935
1529596488 -6570.798931789871 1258.1235781740495 1057.5752428440196
1529596505 -6600.654989659594 1180.4004202571195 957.1059708545594
1529596523 -6629.596579820904 1097.6286006194312 850.3394974480129
1529596529 -6638.631314050579 1069.9347277798595 814.6695310007091
1529596544 -6659.874350980013 1000.4865160572731 725.33308869681
1529596557 -6676.728504423982 940.0634376463742 647.7371470572227
1529596559 -6679.192899800624 930.7491985353964 635.7864464572314
1529596579 -6701.947822658102 837.3511755989249 516.1087316084535
1529596587 -6710.086414472215 799.8688718292157 468.15978944785775
1529596592 -6714.892984744232 776.4089695770359 438.1720042155576
1529596604 -6725.5489503838335 720.0045598206633 366.14511441330467
1529596605 -6726.380826699068 715.29806977374 360.1396644044478
1529596609 -6729.621972872936 696.4627947553842 336.1130618234632
1529596613 -6732.724811343785 677.6133989980945 312.0797749026235
1529596622 -6739.200339013459 635.1517542910927 257.98187996155383
1529596623 -6739.876579173067 630.4296558640673 251.9692651636927
1529596639 -6749.5188460046065 554.769536609914 155.7278375533132
1529596649 -6754.418688890254 507.3879389259892 95.54907153247578
1529596651 -6755.2945919490785 497.9036444106848 83.5116421993097
1529596663 -6759.821246434196 440.94549679967474 11.27971871410314
1529596677 -6763.52254191882 374.39208322276716 -72.99248057367755
1529596682 -6764.431953108174 350.5994393983088 -103.08616132974306
1529596688 -6765.236627782238 322.0332873552484 -139.19435449379586
1529596699 -6765.8996636226775 269.62427004443873 -205.37478260979807
1529596712 -6765.328084254583 207.63323652713936 -283.5456264740011
1529596721 -6764.072441039598 164.68891766710965 -337.6290966912314
1529596729 -6762.365788015691 126.50182326819015 -385.673718691041
1529596737 -6760.103501203281 88.30433564156841 -433.68656027928597
1529596744 -6757.668360456451 54.87545167536839 -475.6686473344393
1529596762 -6749.455086252096 -31.095215116537517 -583.4782914847485
1529596768 -6746.09329746945 -59.75105887510685 -619.3630542249306
1529596773 -6743.053648590454 -83.6289072075491 -649.2452063990052
1529596788 -6732.636792107007 -155.24309084526456 -738.7622085064008
1529596798 -6724.6117902374945 -202.9621821571386 -798.3228545366562
1529596799 -6723.761802860322 -207.7327402343454 -804.2733695780665
1529596819 -6704.95116297503 -303.0803413670211 -923.056803679149
1529596839 -6682.698461326537 -398.2723477415033 -1041.3650131033512
1529596851 -6667.699481877033 -455.2923864043606 -1112.0963088311385
1529596871 -6639.96453916755 -550.1338755781537 -1229.5176727701203
1529596882 -6623.25670682668 -602.1793187379529 -1293.8333573778739
1529596902 -6590.246214205347 -696.5624594127922 -1410.2481525080473
1529596919 -6559.527504064785 -776.5088622540919 -1508.632283460581
1529596930 -6538.3539555645775 -828.0874620423407 -1571.9961420145971
1529596941 -6516.165585203158 -879.5373338136234 -1635.1150575131958
1529596950 -6497.258918365297 -921.5317216208516 -1686.5692041868833
1529596962 -6471.000426102249 -977.3742325627375 -1754.90005615527
1529596971 -6450.521918441108 -1019.1382576841203 -1805.9356206203508
1529596984 -6419.75929469652 -1079.2761230091799 -1879.3202219644927
1529596992 -6400.1364350014255 -1116.1685545100797 -1924.2778956858424
1529596996 -6390.127862790087 -1134.5806969692158 -1946.6976782767497
1529596999 -6382.535451880326 -1148.374407787412 -1963.4860826807142
1529597014 -6343.470022527834 -1217.1413433454227 -2047.0837779062488
1529597034 -6288.5378623102915 -1308.2809880676687 -2157.6219274695177
1529597040 -6271.427974739009 -1335.4941784827836 -2190.569566499417
1529597057 -6221.380794896432 -1412.2591647182378 -2283.3653364200973
1529597062 -6206.221464558728 -1434.7388660911815 -2310.498372413419
1529597072 -6175.306709563775 -1479.5594224781044 -2364.5405696611183
1529597083 -6140.386346828023 -1528.6427348208792 -2423.635602700764
1529597093 -6107.813840910905 -1573.0585813428804 -2477.031699075897
1529597113 -6040.324692397495 -1661.2795617381958 -2582.861657493511
1529597123 -6005.416795654807 -1705.0734142326826 -2635.281956643633
1529597125 -5998.34274641017 -1713.8061073328697 -2645.7255462523185
1529597130 -5980.523039435494 -1735.5994832315373 -2671.775108082533
1529597140 -5944.309561818678 -1779.0185551328964 -2723.61566586638
1529597145 -5925.916816877412 -1800.6430381743653 -2749.4052099423393
1529597156 -5884.785599754173 -1848.0126816482139 -2805.829885219585
1529597157 -5881.001074680916 -1852.304900161725 -2810.937881276984
1529597161 -5865.787519140019 -1869.4501587814864 -2831.3338859422993
1529597165 -5850.4537150003525 -1886.5570935123806 -2851.671681083844
1529597175 -5811.595441568388 -1929.1542136690816 -2902.258466379752
1529597192 -5743.830363765425 -2000.999265956853 -2987.396848869966
1529597194 -5735.717748103181 -2009.4033944045264 -2997.3407695963974
1529597208 -5678.108574281707 -2067.9419432994896 -3066.5145057615373
1529597212 -5661.386270371593 -2084.572597768937 -3086.1374626479014
1529597224 -5610.524962217124 -2134.2065509586523 -3144.623771788921
1529597240 -5541.101691558621 -2199.771593820166 -3221.699255261471
1529597247 -5510.156472660004 -2228.230733492569 -3255.088120193001
1529597266 -5424.425292486332 -2304.7669696615885 -3344.676375009873
1529597285 -5336.186689987115 -2380.2380718026193 -3432.714411635788
1529597288 -5322.027860346286 -2392.0548126562303 -3446.4706585283097
1529597304 -5245.482114961511 -2454.6089666725634 -3519.1612351790395
1529597309 -5221.207775715274 -2473.993190472256 -3541.641031309796
1529597317 -5182.021734446903 -2504.8429202540874 -3577.3718748969995
1529597334 -5097.345978880248 -2569.7141452388987 -3652.320438837078
1529597336 -5087.259401871058 -2577.284141374206 -3661.0495118411313
1529597349 -5021.065283391699 -2626.16495110294 -3717.327372843135
1529597367 -4927.621897294434 -2692.906447330337 -3793.9172246728185
1529597379 -4864.189135178289 -2736.782073595746 -3844.1025407181064
1529597394 -4783.639112909904 -2790.916685569572 -3905.8343713537624
1529597413 -4679.635222563398 -2858.331994332032 -3982.407183600125
1529597432 -4573.470308168762 -2924.427342795731 -4057.1356439913516
1529597451 -4465.193870756077 -2989.172228544266 -4129.985207617086
1529597458 -4424.780133325814 -3012.6793191169954 -4156.34427493305
1529597465 -4384.089112328956 -3035.9976165487374 -4182.442129071612
1529597484 -4272.26459837194 -3098.3270322653443 -4251.949626122719
1529597489 -4242.507379754472 -3114.4928573626894 -4269.915093174274
1529597500 -4176.564991733488 -3149.706761297419 -4308.9567611521115
1529597520 -4055.021947252736 -3212.479685100019 -4378.224431275026
1529597525 -4024.3096091441216 -3227.917531639222 -4395.19194381614
1529597531 -3987.2851645007154 -3246.3067018675406 -4415.366927352546
1529597549 -3875.117971593008 -3300.5743705067403 -4474.665380753059
1529597565 -3774.065026904558 -3347.665502579766 -4525.815703829603
1529597573 -3723.0731442403235 -3370.80138039972 -4550.835108577137
1529597581 -3671.7769859920522 -3393.66142372572 -4575.481073533749
1529597594 -3587.782240194419 -3430.216091537392 -4614.729328492531
1529597600 -3548.7528514678434 -3446.8381478877127 -4632.507366712123
1529597609 -3489.9033601732704 -3471.4736277605743 -4658.773374500303
1529597613 -3463.631573973397 -3482.3076062749724 -4670.292153182584
1529597627 -3371.1266127241715 -3519.6642756765837 -4709.852086228271
1529597642 -3271.0779894209654 -3558.710922093435 -4750.924833647754
1529597646 -3244.2384996575106 -3568.950991047733 -4761.646670488423
1529597662 -3136.2220827207534 -3609.1799747812966 -4803.556035436876
1529597668 -3095.4499003477204 -3623.9621239340336 -4818.866480397795
1529597687 -2965.4070233210587 -3669.6699029866904 -4865.880359291786
1529597702 -2861.7728361926556 -3704.5607214366455 -4901.40813967922
1529597705 -2840.946463511638 -3711.411409942837 -4908.344463383322
1529597710 -2806.163110563008 -3722.7344705431433 -4919.779312838774
1529597729 -2673.1789362217164 -3764.6749473109885 -4961.7918519504
1529597743 -2574.398886216161 -3794.4688220636253 -4991.281445566983
1529597751 -2517.661840927876 -3811.068070757501 -5007.57069760161
1529597755 -2489.2161531951915 -3819.2508956259644 -5015.561411258552
1529597769 -2389.2589947312185 -3847.275364946175 -5042.718704872423
1529597785 -2274.2916074184714 -3878.123919420657 -5072.205415799354
1529597802 -2151.325149056984 -3909.511375152131 -5101.713036754925
1529597821 -2012.9546069580078 -3942.8839953775687 -5132.4577160014105
1529597839 -1881.0102066640159 -3972.824178651438 -5159.396255063735
1529597858 -1740.892386194884 -4002.644906425386 -5185.509500555442
1529597877 -1599.9723581160415 -4030.6212035409567 -5209.22635023312
1529597878 -1592.5345699464497 -4032.042292724995 -5210.408005626876
1529597890 -1503.124977037448 -4048.6934754556046 -5224.067245054044
1529597900 -1428.404892905844 -4062.001207534739 -5234.714512932341
1529597920 -1278.4279487832187 -4087.059587959577 -5253.997522080464
1529597925 -1240.828587845985 -4092.9986740323798 -5258.398346146071
1529597935 -1165.5125965243917 -4104.484828028104 -5266.695032301535
1529597951 -1044.7011967374924 -4121.77258269636 -5278.5672405855685
1529597961 -969.018507120289 -4131.893911382168 -5285.10930226166
1529597965 -938.7103858472726 -4135.794852084333 -5287.536762867696
1529597968 -915.9663774434315 -4138.66518133046 -5289.28632761924
1529597987 -771.6888022723748 -4155.738594708375 -5298.951208696966
1529597990 -748.8737184991923 -4158.259606169061 -5300.253563655838
1529598000 -672.7635081083248 -4166.317820023298 -5304.153711131874
1529598007 -619.4346089879047 -4171.64229731446 -5306.47994821287
1529598018 -535.5549505131158 -4179.482204570758 -5309.463097505552
1529598031 -436.319265249171 -4187.915428660904 -5311.928608656587
1529598033 -421.04308922779774 -4189.132751749219 -5312.205965206839
1529598040 -367.5608288734182 -4193.224894648324 -5312.962544515291
1529598053 -268.1784572732525 -4200.128790823733 -5313.483707266706
1529598056 -245.23483361205695 -4201.593436239124 -5313.440781723472
1529598061 -206.98984523259605 -4203.92724387681 -5313.233246854865
1529598080 -61.60813282494636 -4211.572119908052 -5310.894465700886
1529598083 -38.64895855816434 -4212.601939209911 -5310.300871843417
1529598088 -0.3825040440561253 -4214.210805461253 -5309.175631946529
1529598094 45.537088533099954 -4215.963983513863 -5307.601141815342
1529598096 60.84315609004236 -4216.505339291599 -5307.0219747680485
1529598111 175.62398510488418 -4219.879366394444 -5301.812525032946
1529598128 305.6461199710403 -4222.238643987846 -5294.06318888264
1529598132 336.2251219894306 -4222.567516800863 -5291.955150688006
1529598152 489.0040698180431 -4222.918666622118 -5279.790635356756
1529598160 550.0500679856821 -4222.455610219618 -5274.16773556036
1529598169 618.6728364088802 -4221.5224993116735 -5267.325675806368
1529598187 755.7194541170564 -4218.347438200005 -5252.004349914429
1529598191 786.1339915477773 -4217.404968825367 -5248.3036292076595
1529598205 892.4539449942396 -4213.428395035594 -5234.50540478085
1529598213 953.1096491226663 -4210.682861971954 -5226.030987617988
1529598222 1021.2539900415338 -4207.183107236791 -5215.985674902824
1529598227 1059.0669310017622 -4205.050861955153 -5210.171222824491
1529598237 1134.589943200875 -4200.384006449594 -5198.042465166046
1529598248 1217.497932339925 -4194.631377067033 -5183.932496281256
1529598268 1367.7486693776907 -4182.513381499366 -5156.223022667437
1529598272 1397.717666905368 -4179.833356282068 -5150.363867207671
1529598277 1435.1383314074185 -4176.363345305601 -5142.891696268197
1529598285 1494.9162613752285 -4170.534165090775 -5130.593922684676
1529598304 1636.3897103944842 -4155.325650206296 -5099.704452617242
1529598317 1732.7570795730144 -4143.816303067327 -5077.210964987053
1529598319 1747.5500844969883 -4141.966251613056 -5073.652846494546
1529598335 1865.5672034762702 -4126.405330265995 -5044.254135405666
1529598336 1872.9233967635985 -4125.38795705577 -5042.361741644348
1529598353 1997.606166069807 -4107.287945591841 -5009.205283188031
1529598362 2063.3191162496223 -4097.09180531425 -4990.900896543063
1529598367 2099.7346966373534 -4091.2441555966534 -4980.508020270453
1529598377 2172.3633877840603 -4079.1574208667594 -4959.244506132998
1529598396 2309.586336420292 -4054.75942068996 -4917.097070331975
1529598406 2381.385717986354 -4041.1670611224386 -4894.000096343836
1529598421 2488.511634870045 -4019.811834430246 -4858.180854257088
1529598435 2587.8515630232678 -3998.8383938724583 -4823.486672563693
1529598454 2721.629349616361 -3968.775003142621 -4774.467336223734
1529598462 2777.5851442791854 -3955.5686482801148 -4753.166014347538
1529598463 2784.5639986532983 -3953.8950450033385 -4750.475829073273
1529598466 2805.478351074219 -3948.844154608614 -4742.369112889088
1529598481 2909.562277222247 -3922.910051452657 -4701.017364161727
1529598495 3005.9537198943412 -3897.6878659943504 -4661.20006939798
1529598497 3019.662992298364 -3894.0049329979033 -4655.416172001556
1529598515 3142.3447753710775 -3859.9655039820896 -4602.291129845184
1529598519 3169.4324227161596 -3852.1838407129794 -4590.225507895014
1529598534 3270.430332743719 -3822.3026996726503 -4544.143431564316
1529598554 3403.6274069407664 -3780.7540693630126 -4480.665826852924
1529598565 3476.1487393828675 -3757.0776540645165 -4444.772540399218
1529598568 3495.834702360775 -3750.519450299885 -4434.863558749537
1529598588 3626.0352588010132 -3705.7002775482943 -4367.503138924523
1529598605 3735.251891921609 -3666.114161089374 -4308.485497829175
1529598609 3760.7508064518915 -3656.6025869978193 -4294.366428841847
1529598615 3798.855128744029 -3642.1950396264033 -4273.022703176006
1529598629 3887.082605071117 -3607.927133404299 -4222.455912563508
1529598645 3986.7206845425767 -3567.657981413449 -4163.367538992569
1529598646 3992.9050697223824 -3565.102285351968 -4159.628982296949
1529598659 4072.8353918100224 -3531.4646593649186 -4110.5440995164245
1529598669 4133.722489747141 -3505.070261306764 -4072.1802028624925
1529598677 4182.052233382214 -3483.6320467637197 -4041.1130432702657
1529598697 4301.371581728017 -3428.7937266749323 -3962.000418368505
1529598705 4348.486936881508 -3406.3660099059775 -3929.784322161619
1529598719 4430.080593814283 -3366.4480726299603 -3872.631934514669
1529598731 4499.135451067197 -3331.5609807126093 -3822.8691118773104
1529598734 4516.270137645299 -3322.743189710313 -3810.317856569059
1529598746 4584.287754286631 -3287.090506644872 -3759.674288067818
1529598754 4629.164664681599 -3262.985494186974 -3725.5257538553187
1529598759 4657.020477989842 -3247.7842306975376 -3704.027602699976
1529598771 4723.265854817371 -3210.8783309579208 -3651.9485663162363
1529598783 4788.641582458947 -3173.3812432014915 -3599.195193539528
1529598802 4890.344868701919 -3112.818759039295 -3514.313859014028
1529598808 4921.994953824731 -3093.393833005706 -3487.169259662894
1529598819 4979.430549432758 -3057.4122012846105 -3436.9868566840055
1529598830 5036.095365286711 -3020.9575647326637 -3386.2712285969624
1529598846 5117.123376004672 -2967.099516717869 -3311.5668768716496
1529598864 5206.275871980599 -2905.3486635446284 -3226.2256768315992
1529598866 5216.049111983515 -2898.4127022773064 -3216.6599553398523
1529598873 5250.045129829132 -2874.0201341164484 -3183.0500649119895
1529598888 5321.78278265548 -2821.1456696477007 -3110.3577856642396
1529598903 5391.98850315618 -2767.4591077014175 -3036.7675771278277
1529598916 5451.578620329369 -2720.2857090074212 -2972.279379089861
1529598925 5492.143420046325 -2687.2820422802056 -2927.255330144932
1529598933 5527.723266011932 -2657.7114899461685 -2886.9783334328845
1529598944 5575.90568010879 -2616.697119325724 -2831.2110317675892
1529598959 5640.216145703395 -2560.1165734732085 -2754.4577027470887
1529598972 5694.638791046272 -2510.4831329603167 -2687.293841950773
1529598979 5723.4338053315705 -2483.531829041712 -2650.886305928602
1529598999 5803.721153265156 -2405.6755527096057 -2545.953787840459
1529599000 5807.657827079229 -2401.7500948871134 -2540.6724255036625
1529599008 5838.883303384075 -2370.2360102489397 -2498.304458345229
1529599017 5873.439988541884 -2334.5506849336634 -2450.395320362978
1529599018 5877.242071412555 -2330.570654823628 -2445.0562847853366
1529599032 5929.67925710145 -2274.538937063969 -2369.982845905495
1529599050 5994.910263973874 -2201.6613620367366 -2272.586003598958
1529599060 6030.076676263769 -2160.777314136424 -2218.0656322179607
1529599068 6057.654093386974 -2127.870573176688 -2174.243866638758
1529599079 6094.762034659748 -2082.3394999539278 -2113.697742434216
1529599096 6150.250872848657 -2011.3413327428862 -2019.4839878910964
1529599106 6181.829285579624 -1969.2282892616026 -1963.711756958328
1529599115 6209.573025421777 -1931.110732602401 -1913.3008614498099
1529599121 6227.7111601385695 -1905.5874204347645 -1879.5826015434254
1529599138 6277.5402991766305 -1832.7980651320524 -1783.5806463152403
1529599157 6330.480591101372 -1750.6438198543556 -1675.5027004810242
1529599172 6370.208816262621 -1685.2113567412625 -1589.6265071863425
1529599180 6390.647078109907 -1650.114221072265 -1543.6364010937043
1529599198 6434.714777640998 -1570.6552120684535 -1439.7001373597693
1529599218 6480.545017333151 -1481.6043674715906 -1323.514609189324
1529599223 6491.484512448716 -1459.2211209849172 -1294.3594715406214
1529599242 6531.154959993554 -1373.744697508882 -1183.1988556577217
1529599245 6537.142934421811 -1360.189393208866 -1165.5957844066509
1529599260 6565.950602141283 -1292.1803088375839 -1077.3817897251497
1529599266 6576.943993940584 -1264.871204861966 -1042.0074742703184
1529599278 6598.019830498222 -1210.0793581877167 -971.116069984636
1529599297 6628.898020332663 -1122.8726118914058 -858.5086234278514
1529599317 6658.087420516394 -1030.5155213465925 -739.5451084961097
1529599335 6681.43940944679 -946.9411460348391 -632.1512251204919
1529599344 6692.0753182500075 -905.0042930623027 -578.352740990019
1529599357 6706.21122097306 -844.2639634122654 -500.5388203914755
1529599371 6719.809468982605 -778.6471368009841 -416.6181041232329
1529599388 6734.051169916527 -698.7081770924967 -314.5753627340219
1529599396 6739.890052012995 -660.9984357838974 -266.5124692701546
1529599416 6752.066602540905 -566.4934549141315 -146.26781345464934
1529599419 6753.594523695719 -552.291547353642 -128.22322298012958
1529599429 6758.124641433234 -504.9063623166971 -68.06455922236191
1529599443 6763.010807938623 -438.45984643356405 16.170348704452582
1529599459 6766.513577857699 -362.38705866577595 112.43251744389492
1529599475 6767.79501494584 -286.1953021153293 208.65767093176387
1529599478 6767.787935489466 -271.89820468583724 226.69310353679225
1529599486 6767.387170373928 -233.75752499614708 274.77443705503964
1529599503 6764.691366837382 -152.64860544270942 376.86745947854416
1529599521 6759.104254779503 -66.70777124267782 484.812176767099
1529599522 6758.711484162134 -61.932159223644994 490.8035698573057
1529599539 6750.708515506486 19.260978197840707 592.5551024730621
1529599546 6746.685704152844 52.69304253176767 634.3908675029722
1529599566 6732.856572833579 148.18765140411367 753.692114230626
1529599583 6718.3856154055275 229.30047319269775 854.7960034243417
1529599599 6702.490893977249 305.56469233655395 949.6628049605499
1529599607 6693.717879095272 343.66074185280877 996.9808831705387
1529599618 6680.75793085463 395.9960373147126 1061.9083384519777
1529599637 6655.931480734514 486.2442171984075 1173.6609930281147
1529599652 6634.154024730958 557.3357398862069 1261.5042642966707
1529599664 6615.353218106038 614.0940163026092 1331.517066633131
1529599671 6603.821527596457 647.1513798504704 1372.2448897814525
1529599678 6591.874759048505 680.1680677961508 1412.886213573247
1529599683 6583.087617337479 703.7254173076361 1441.8614188836507
1529599696 6559.253811679239 764.8669137100622 1516.977471606153
1529599709 6533.998076678311 825.842602582957 1591.7637250328141
1529599716 6519.811864075774 858.60215105125 1631.8906930296107
1529599719 6513.606473713141 872.6257452104345 1649.0568527083815
1529599734 6481.453255172706 942.5888044229221 1734.5966001562472
1529599745 6456.684830431385 993.723200601828 1797.007942260046
1529599756 6430.914158207018 1044.703547081959 1859.13979263124
1529599760 6421.295383234683 1063.2019326493153 1881.661785426334
1529599771 6394.164612812184 1113.9592096844415 1943.3966229011935
1529599776 6381.5040935912975 1136.9740321167085 1971.3585069883864
1529599789 6347.630196800202 1196.639798458727 2043.7600924102087
1529599801 6315.140361327826 1251.4861406364566 2110.198554822804
1529599805 6304.050969797455 1269.7172619785958 2132.258300002858
1529599813 6281.48404374131 1306.1013197923055 2176.2461167574543
1529599821 6258.401556948326 1342.3779717523446 2220.0545407315253
1529599836 6213.738617124782 1410.0973590103288 2301.6998985156483
1529599850 6170.434964310713 1472.9353694582744 2377.3016811923967
1529599870 6105.884523487291 1562.0575522532404 2484.2596092628746
1529599883 6062.244638744801 1619.5601845109552 2553.100385153966
1529599896 6017.29066541913 1676.7117525889335 2621.3861424667925
1529599916 5945.587463981081 1763.923047023469 2725.3230322913096
1529599922 5923.479932759775 1789.9120665763514 2756.23317031436
1529599928 5901.098892194144 1815.8184394153507 2787.015676209279
1529599944 5840.08697836332 1884.4888550516393 2868.4674292262885
1529599962 5769.157503005946 1961.0025094532043 2958.97049085758
1529599974 5720.53767737776 2011.5606949515109 3018.6229260573464
1529599986 5670.86121939096 2061.7475555704546 3077.71647588465
1529599998 5620.137654445699 2111.5534928367674 3136.239809027512
1529600013 5555.2746574449775 2173.2616068347365 3208.576046110763
1529600030 5479.826383765453 2242.438572112933 3289.433712951982
1529600046 5406.960706540443 2306.7874568024777 3364.418587566497
1529600061 5337.036595445417 2366.427197625291 3433.711419876277
1529600077 5260.754156109552 2429.2899274473693 3506.528150947668
1529600078 5255.928925946314 2433.1925633572873 3511.0410914213485
1529600095 5172.873344135609 2499.0564051691417 3587.0660886148585
1529600097 5162.975542322508 2506.744622789934 3595.9230421127245
1529600115 5072.709426311965 2575.3556126544395 3674.7981963708266
1529600124 5026.783737820487 2609.2616698155025 3713.663673376413
1529600140 4943.851848354851 2668.867939899028 3781.8004311761742
1529600144 4922.864410720373 2683.633279393273 3798.6408495111414
1529600151 4885.893438322323 2709.3401191228036 3827.9234917524
1529600167 4800.239557353419 2767.4568251463397 3893.9466031445672
1529600181 4723.998998177514 2817.564531113982 3950.6661946870267
1529600190 4674.359223210849 2849.403504645046 3986.603900497991
1529600198 4629.827291061511 2877.4565265405085 4018.2001141363908
1529600200 4618.634640349711 2884.4330870879394 4026.0477241015415
1529600205 4590.550082552405 2901.809346751747 4045.5756807809553
1529600215 4533.940037853831 2936.2825820297116 4084.2411801096355
1529600225 4476.748984795242 2970.379256311838 4122.381427133833
1529600234 4424.786124932619 3000.7408284493276 4156.254661707349
1529600244 4366.510778964859 3034.1104529467634 4193.383949544592
1529600252 4319.487266751716 3060.5262363074717 4222.6993641431745
1529600259 4278.050834529436 3083.434166323276 4248.065448858835
1529600272 4200.386748153126 3125.4624404812275 4294.462620441295
1529600284 4127.888554466166 3163.6571705210063 4336.463065537564
1529600296 4054.6284387077644 3201.2679540205277 4377.660780002948
1529600305 3999.191604113305 3229.088592420944 4408.0276238788365
1529600310 3968.213471829324 3244.3998786224274 4424.700031127692
1529600314 3943.3395653984353 3256.573979399165 4437.935496479238
1529600328 3855.6469110095113 3298.6560170648904 4483.539332473184
1529600334 3817.7665096700207 3316.438129233188 4502.738724920584
1529600349 3722.298799169261 3360.2220941434143 4549.823647776368
1529600362 3638.690793340868 3397.3848725797116 4589.566746032487
1529600382 3508.5308560538842 3453.1186186934315 4648.760209954495
1529600399 3396.4778195429276 3499.101774764078 4697.196895823921
1529600414 3296.561661434627 3538.599412146062 4738.486775392828
1529600417 3276.4635474752185 3546.376818640887 4746.580654558104
1529600432 3175.4102465426377 3584.64873997308 4786.224865304887
1529600439 3127.9369102955757 3602.1559261273396 4804.252549741179
1529600451 3046.098672374495 3631.6414366419 4834.4526893391785
1529600456 3011.8328708386744 3643.7295072449483 4846.772261046358
1529600472 2901.538789901481 3681.62520951107 4885.146732686338
1529600490 2776.321843496434 3722.8137472074286 4926.396448239733
1529600500 2706.255668203445 3745.029436934615 4948.4276617160685
1529600511 2628.782447317315 3768.9124073603807 4971.927495086889
1529600523 2543.802121548998 3794.2998838541725 4996.681747662347
1529600539 2429.7674387627712 3827.0600839723097 5028.248430437729
1529600547 2372.448877189241 3842.9700919438665 5043.4121162711035
1529600556 2307.7329289291197 3860.492164444533 5059.975481976026
1529600558 2293.3189729598284 3864.3315757262067 5063.5847340705905
1529600568 2221.074077343527 3883.2312362567127 5081.240298658087
1529600572 2192.0957416271463 3890.6519636109006 5088.119869602203
1529600575 2170.332684653124 3896.165118389977 5093.210852987004
1529600594 2031.9283114616462 3930.0360553711216 5124.083739738876
1529600609 1921.994766251922 3955.492994804299 5146.77878549838
1529600613 1892.5844243830927 3962.089191183957 5152.579724132823
1529600633 1744.9619448563546 3993.8493787032044 5179.993290030329
1529600635 1730.14935012333 3996.9130664645318 5182.588425551309
1529600650 1618.7769111285884 4019.236851467461 5201.202087061614
1529600651 1611.3348745678418 4020.684027566521 5202.38963179777
1529600665 1506.9378273255172 4040.402004156468 5218.312065808906
1529600681 1387.1645266643052 4061.694279743166 5234.89979441951
1529600700 1244.346478082319 4085.2479682744056 5252.360773063949
1529600702 1229.278436096337 4087.617562839285 5254.057173582045
1529600717 1116.0720445855884 4104.721059605406 5265.918909932918
1529600737 964.6352776273297 4125.684301249233 5279.365895561177
1529600753 843.1263251045671 4140.9330710779295 5288.170172789743
1529600758 805.0960764111612 4145.420017336327 5290.564914419951
1529600767 736.5777076650035 4153.161789679165 5294.447112937539
1529600768 728.9597409271443 4153.995391503432 5294.8444587479935
1529600779 645.1019999030999 4162.813577742136 5298.76615408374
1529600799 492.386754967891 4177.1923127936525 5303.785508888427
1529600817 354.7246836027525 4188.303067466873 5305.972313787232
1529600833 232.23320581945927 4196.719805332048 5306.061712996893
1529600834 224.5745807864659 4197.200170463563 5306.009345131832
1529600840 178.61682328017213 4199.969424789022 5305.551957516479
1529600848 117.32746627586027 4203.360379289274 5304.560330290562
1529600851 94.34132256238232 4204.543130765952 5304.0759982862955
1529600866 -20.601029699038268 4209.729377582579 5300.734333810288
1529600877 -104.89035007465728 4212.761373307479 5297.309672701924
1529600892 -219.80134847476123 4215.8432332474395 5291.312417605479
1529600893 -227.460153922203 4216.005482592398 5290.858185792268
1529600906 -326.9951467082179 4217.623063895006 5284.33464111138
1529600920 -434.10682207676695 4218.343652998274 5276.025895655592
1529600929 -502.9083579291127 4218.247440590416 5269.9826825472355
1529600941 -594.5615124070417 4217.438092536373 5261.071826027901
1529600953 -686.1046489882033 4215.850523510322 5251.187399895088
1529600966 -785.1332621510669 4213.252772741103 5239.382663533591
1529600986 -937.1454243395416 4207.474754059921 5219.000443300044
1529601001 -1050.8434784446276 4201.725689167375 5201.95248490097
1529601005 -1081.112974719453 4199.987920817995 5197.152117827839
1529601021 -1201.9636833046177 4192.175968561356 5176.882800590259
1529601031 -1277.2978620105023 4186.594857844087 5163.349002588952
1529601050 -1419.9732916643845 4174.513178224183 5135.80799321749
1529601062 -1509.7499767685729 4165.887087391976 5117.184937942008
1529601080 -1643.8870729176901 4151.506852939675 5087.475563439091
1529601099 -1784.7347616304696 4134.45742960449 5053.817189021011
1529601101 -1799.5138276424325 4132.55133214692 5050.137517310347
1529601107 -1843.7956594378 4126.7059054094125 5038.942691865034
1529601119 -1932.10202647075 4114.44402114913 5015.8539573292965
1529601130 -2012.7363761467793 4102.536748019191 4993.873536357697
1529601131 -2020.0514516517153 4101.422689800818 4991.836750599659
1529601135 -2049.286058308706 4096.9138481657255 4983.625374409515
1529601142 -2100.3448965783186 4088.821261227554 4969.00895296698
1529601148 -2144.0047683329653 4081.680303480101 4956.231393058186
1529601167 -2281.5983213415243 4057.8261774519597 4914.25869983682
1529601170 -2303.2286310679874 4053.8877890021167 4907.422446714879
1529601175 -2339.220256434383 4047.2198304596436 4895.902442844489
1529601177 -2353.595862019433 4044.516334562499 4891.250392437592
1529601180 -2375.1369049702525 4040.422149393632 4884.225061817226
1529601198 -2503.797788658454 4014.8798717441728 4840.889385607462
1529601211 -2596.075914481211 3995.3947705231076 4808.336037614744
1529601225 -2694.8226280598424 3973.442728441831 4772.110224881086
1529601245 -2834.7084499825596 3940.351803818256 4718.274912170989
1529601264 -2966.254121306551 3907.043208158318 4664.882973944285
1529601268 -2993.7751662702 3899.799830498575 4653.365685586493
1529601270 -3007.5125501633606 3896.1481618121534 4647.571175985545
1529601282 -3089.6109614863676 3873.8189515322306 4612.302832448259
1529601295 -3177.9062450003266 3848.8218942394155 4573.131837334776
1529601298 -3198.185168205836 3842.934615341394 4563.950802434463
1529601300 -3211.6837746952115 3838.9851677351007 4557.800836567409
1529601310 -3278.9285489197555 3818.9428374054983 4526.699772769192
1529601326 -3385.6422596500706 3785.8572826369027 4475.728486902165
1529601340 -3478.1055999898927 3755.887466277058 4429.919234650492
1529601345 -3510.917684727809 3744.95467320954 4413.287416581009
1529601361 -3615.154280933308 3709.1645596484773 4359.114624235328
1529601370 -3673.2678177450025 3688.4966003737277 4328.010414510557
1529601381 -3743.776740493914 3662.7154266216767 4289.381895924207
1529601397 -3845.294617257267 3624.2018017460236 4232.004741548196
1529601399 -3857.896173767298 3619.3036707289157 4224.734235498659
1529601419 -3982.8129892058864 3569.3047085820385 4150.839094330739
1529601425 -4019.8923918209753 3553.9466392785425 4128.252208318812
1529601439 -4105.685895914394 3517.47403757032 4074.8076709407082
1529601440 -4111.774713999508 3514.834908747208 4070.9507406046637
1529601457 -4214.471556134794 3469.2822722617484 4004.585192733407
1529601472 -4303.789864067107 3428.0198226461057 3944.7897427052303
1529601486 -4386.033082604785 3388.6149900041364 3887.9497541665705
1529601506 -4501.604708923163 3330.846381321502 3805.0521250503452
1529601524 -4603.644991478827 3277.3919915985516 3728.7683442866887
1529601530 -4637.235183093591 3259.269870766941 3702.9932329313087
1529601533 -4653.949917361328 3250.1523477202927 3690.041345008012
1529601544 -4714.776329968492 3216.4007894936663 3642.1861632926225
1529601551 -4753.103347821526 3194.662150772867 3611.4370884360496
1529601559 -4796.5394439690035 3169.5720674521 3576.016507199782
1529601566 -4834.222959300742 3147.404574201859 3544.781709588157
1529601571 -4860.95380422 3131.4493351825586 3522.3340809714346
1529601574 -4876.917364144797 3121.828002501052 3508.811155315098
1529601587 -4945.439818934734 3079.719988690469 3449.7437095188384
1529601595 -4987.075137323044 3053.474740039809 3413.02069292291
1529601599 -5007.739264827387 3040.2579760045905 3394.553637150492
1529601605 -5038.542681277285 3020.31570015872 3366.7218842281072
1529601614 -5084.310671855999 2990.14093283614 3324.6821865323004
1529601622 -5124.549674816628 2963.05778546804 3287.022350424662
1529601640 -5213.543181898392 2901.2339172166494 3201.302069850337
1529601659 -5305.127216893625 2834.6669023520985 3109.3717631556506
1529601671 -5361.705729510647 2791.945602156056 3050.563012235496
1529601685 -5426.460339524785 2741.4523001057682 2981.2387630212734
1529601690 -5449.256934454558 2723.2510798283106 2956.296792399455
1529601697 -5480.878070306081 2697.6227052511153 2921.218411484896
1529601700 -5494.324463708879 2686.587129838298 2906.128353161867
1529601717 -5569.317221410728 2623.4692422107023 2819.986598092514
1529601729 -5621.010725646058 2578.3278284721973 2758.5467800012734
1529601745 -5688.316891169197 2517.3992309556315 2675.8334193925916
1529601764 -5765.812640300348 2443.9732463371392 2576.467648616223
1529601773 -5801.590347048202 2408.7950512126463 2528.978826238868
1529601784 -5844.498728193323 2365.4596227242964 2470.5792125028242
1529601786 -5852.203002018306 2357.5406356393355 2459.9192944672345
1529601801 -5909.023269395928 2297.7659103025326 2379.5709509533403
1529601813 -5953.250848150563 2249.4673632447266 2314.79480945832
1529601829 -6010.5070984408485 2184.4236449804703 2227.76075144261
1529601835 -6031.469766269951 2159.8459014305217 2194.932006761928
1529601845 -6065.787286741094 2118.6617594104605 2139.992169483633
1529601862 -6122.337064071519 2048.0268829690904 2045.9653931859043
1529601880 -6179.735898970862 1972.4092424097632 1945.578562440883
1529601900 -6240.495529884935 1887.428278925402 1833.0870469956221
1529601907 -6261.005546278979 1857.4536274833374 1793.4889282091167
1529601913 -6278.272007177472 1831.667931868018 1759.4574605476262
1529601922 -6303.6270956238395 1792.8310512700716 1708.2578911868682
1529601938 -6347.08193401796 1723.3297332413956 1616.7997415324776
1529601947 -6370.609059524983 1683.984786981356 1565.1183365220352
1529601966 -6418.098123838259 1600.3527485602167 1455.4832631942654
1529601980 -6451.187060204894 1538.2521863343497 1374.263635134821
1529601993 -6480.4584392749 1480.240463257732 1298.5345094480365
1529602004 -6504.12818903576 1430.901949773361 1234.2343008100822
1529602024 -6544.571889703946 1340.6313312265272 1116.8391665055262
1529602025 -6546.505970812507 1336.099361457138 1110.9538366602812
1529602040 -6574.506984842272 1267.916787390133 1022.5059449550604
1529602054 -6598.927297908146 1203.948723082933 939.686674628521
1529602066 -6618.537022917472 1148.8772541995984 868.5092903808738
1529602079 -6638.399520996847 1088.9768723180803 791.2188700655527
1529602097 -6663.521837510917 1005.650581644075 683.9207890726441
1529602107 -6676.2812545647585 959.1749916631511 624.1843376953854
1529602108 -6677.51005356543 954.5205962787338 618.2061919361819
1529602124 -6696.003579206286 879.8872467001703 522.4523294344468
1529602133 -6705.439123081027 837.7773123493655 468.51308703921706
1529602139 -6711.342042221615 809.6552736637927 432.5260105240982
1529602146 -6717.836593171122 776.7990413936659 390.51589906881395
1529602147 -6718.729881341169 772.1012823707051 384.5124154260478
1529602159 -6728.77608416127 715.6521829210989 312.4337137699355
1529602162 -6731.09326397945 701.5189165608506 294.4045834059679
1529602175 -6740.235140994537 640.1827922692514 216.24112016265892
1529602182 -6744.5519213039415 607.0972683163734 174.1325419670474
1529602201 -6754.128960713277 517.1072886913742 59.7902695005487
1529602221 -6760.827705091737 422.12266601195154 -60.5992530424974
1529602233 -6763.180383602035 365.02466549543664 -132.82200063637353
1529602248 -6764.362744516863 293.55859363283446 -223.06411105455726
1529602262 -6763.703254448177 226.77997784899645 -307.2323311334586
1529602265 -6763.340487183861 212.4623596773452 -325.2589106786432
1529602269 -6762.735226446355 193.36822000589783 -349.2886925380255
1529602280 -6760.354522394976 140.84037196544182 -415.3315787010342
1529602288 -6757.963466036584 102.6240414854598 -463.32278113454925
1529602297 -6754.609845414341 59.62077253367835 -517.2670231860711
1529602306 -6750.553838108623 16.611112847374223 -571.1575639696053
1529602325 -6739.686736423322 -74.18685937601929 -684.7235303228234
1529602331 -6735.6058983869525 -102.85482437870765 -720.5229439170995
1529602340 -6728.901123432531 -145.8473492351514 -774.1588181315398
1529602353 -6717.981550072027 -207.91982891694497 -851.4890263022675
1529602371 -6700.457077033974 -293.78888559382835 -958.252097128519
1529602385 -6684.900260314495 -360.49338082113786 -1041.016151667813
1529602388 -6681.347722047921 -374.7760843480984 -1058.71798633046
1529602404 -6661.0987590867435 -450.8727352265655 -1152.9148720245169
1529602415 -6645.907851509212 -503.1046996450709 -1217.456681656475
1529602426 -6629.685010082591 -555.2587387834618 -1281.8091547080444
1529602435 -6615.646091564357 -597.8663454066789 -1334.31302825565
1529602443 -6602.589789060609 -635.6877679170723 -1380.8665811937428
1529602446 -6597.55386408097 -649.8574389323645 -1398.294964217267
1529602452 -6587.253456523 -678.1742950522612 -1433.103183924099
1529602458 -6576.64879965559 -706.4598274411437 -1467.8450215574658
1529602469 -6556.418375760696 -758.2309820616704 -1531.3606879974086
1529602489 -6517.030821611935 -852.0529007299501 -1646.2257030708452
1529602498 -6498.214127488974 -894.1332098069672 -1697.6423663601374
1529602512 -6467.602670723993 -959.4048131627698 -1777.2697977050186
1529602520 -6449.379866779147 -996.5957139732066 -1822.5713913353363
1529602523 -6442.409690018853 -1010.5214915603673 -1839.5211497040573
1529602542 -6396.542175824001 -1098.4397806411691 -1946.3660602509665
1529602547 -6383.978652069062 -1121.4933969609579 -1974.3350708859296
1529602566 -6334.374310617287 -1208.7628099444967 -2080.030586546734
1529602579 -6298.743760863998 -1268.1533224176767 -2151.794945144286
1529602589 -6270.406351602419 -1313.6522403756228 -2206.6811905477434
1529602606 -6220.3899263633775 -1390.6105038025214 -2299.3325811788213
1529602620 -6177.468625817909 -1453.602366187008 -2374.9938343747453
1529602622 -6171.210089614678 -1462.5717061938678 -2385.7541138187157
1529602629 -6149.05611415626 -1493.9052181895447 -2423.3183349490714
1529602646 -6093.648580359615 -1569.6062877519323 -2513.9054800548824
1529602654 -6066.792007000179 -1605.0310386035353 -2556.213861468125
1529602674 -5997.478841378322 -1693.0100867435733 -2661.0566726969264
1529602680 -5976.083701226384 -1719.2366871882623 -2692.2452832535605
1529602683 -5965.282757802882 -1732.3202329724163 -2707.7928654448324
1529602693 -5928.783171433564 -1775.7872689857925 -2759.391363190301
1529602694 -5925.091381446741 -1780.121514456444 -2764.5317778183826
1529602702 -5895.2840027000975 -1814.7130737482878 -2805.5268594651657
1529602710 -5864.993203656369 -1849.1558237287866 -2846.29122190447
1529602725 -5806.903724461176 -1913.3251159421395 -2922.090949180664
1529602730 -5787.167710595666 -1934.5932876745426 -2947.170954018799
1529602747 -5718.6829875578005 -2006.437334453743 -3031.729857445873
1529602753 -5694.005094337807 -2031.6181315022136 -3061.3071122641572
1529602756 -5681.56769896182 -2044.1733874208721 -3076.0426375381944
1529602766 -5639.637173409206 -2085.853578158403 -3124.9036629509546
1529602772 -5614.132004988059 -2110.7335991272844 -3154.0277785968756
1529602774 -5605.572529978696 -2119.0055360122337 -3163.7036692533807
1529602791 -5531.663177801531 -2188.8733810005174 -3245.286246211547
1529602807 -5460.230856618671 -2253.8918495894577 -3320.9701310317237
1529602821 -5396.2585148945545 -2310.1777225755236 -3386.2988708732532
1529602824 -5382.373500529384 -2322.163965826519 -3400.1874854484795
1529602840 -5307.276034643897 -2385.635819232213 -3473.5931625700705
1529602850 -5259.455446022476 -2424.9098726217826 -3518.893314023172
1529602869 -5166.746435667547 -2498.6714495752 -3603.714486151913
1529602878 -5121.995804710533 -2533.210177176366 -3643.3123828455205
1529602887 -5076.714175487368 -2567.486285745856 -3682.5314877186715
1529602890 -5061.503182488462 -2578.85263233926 -3695.519586518808
1529602901 -5005.231698131904 -2620.274421304372 -3742.7766110801995
1529602920 -4906.215397469351 -2690.8616664180977 -3823.029038035549
1529602940 -4799.540164776332 -2763.820789365934 -3905.5915130507915
1529602947 -4761.620739124341 -2789.0242134710047 -3934.0169550967635
1529602967 -4651.642950487856 -2860.0653058837556 -4013.863715478017
1529602976 -4601.373109035896 -2891.558460070357 -4049.1251431088754
1529602994 -4499.408495440241 -2953.6427874010888 -4118.382208347432
1529603003 -4447.724105995055 -2984.2276972860855 -4152.370846870802
1529603013 -4389.757144528967 -3017.8480557903004 -4189.629713267885
1529603024 -4325.345415224918 -3054.384524976942 -4229.993661083082
1529603031 -4284.006959149895 -3077.389342501678 -4255.338498089934
1529603041 -4224.486906957545 -3109.9186093228645 -4291.081257089379
1529603058 -4122.067637028047 -3164.3034071773086 -4350.5785264750175
1529603070 -4048.852307313585 -3201.9900039080967 -4391.607357972443
1529603077 -4005.7983254273454 -3223.702056092243 -4415.166873041342
1529603080 -3987.2697543828513 -3232.945430809946 -4425.1789288212185
1529603088 -3937.6362940830527 -3257.412424555833 -4451.62794776455
1529603098 -3875.14200674611 -3287.6211559946023 -4484.17532418086
1529603112 -3786.819520919415 -3329.206625095078 -4528.775114497644
1529603131 -3665.440170607565 -3384.3081871888903 -4587.481529514319
1529603133 -3652.56412850553 -3390.017923172691 -4593.53810390465
1529603144 -3581.4133996290852 -3421.1111630924524 -4626.427739382193
1529603158 -3490.0588811999537 -3459.918522073905 -4667.248847281871
1529603160 -3476.9361193487466 -3465.3920112588853 -4672.985071895525
1529603162 -3463.7958502779484 -3470.847678107382 -4678.69722775847
1529603179 -3351.395062953751 -3516.5020445815094 -4726.279596191048
1529603196 -3237.7565526575713 -3560.8580969212608 -4772.111925608313
1529603214 -3116.131708468646 -3606.3899031976634 -4818.713861142848
1529603226 -3034.3286569997604 -3635.916405964207 -4848.671852479019
1529603235 -2972.6094014455803 -3657.622629530588 -4870.553613102556
1529603236 -2965.732635012556 -3660.0111021779344 -4872.953753797125
1529603248 -2882.917926470504 -3688.307453206772 -4901.267871247392
1529603267 -2750.7166698002575 -3731.7205473710233 -4944.247538105655
1529603285 -2624.3022598543575 -3771.26214808038 -4982.856790749319
1529603296 -2546.51135904533 -3794.659255450251 -5005.434388899931
1529603304 -2489.6882520175063 -3811.307285672855 -5021.367495265774
1529603306 -2475.4505729871507 -3815.4206564991932 -5025.2864968152835
1529603322 -2361.0992254826624 -3847.6245585451748 -5055.710384483554
1529603326 -2332.3895485039457 -3855.479362824056 -5063.0577172506155
1529603339 -2238.756489748848 -3880.462845978669 -5086.219523987942
1529603358 -2101.045123955434 -3915.4695142417354 -5118.090174531286
1529603365 -2050.0618060738666 -3927.9126708170033 -5129.236438866624
1529603374 -1984.3236224518892 -3943.5499050203675 -5143.094459817842
1529603392 -1852.239094423799 -3973.5993079811083 -5169.208922211864
1529603396 -1822.7808474137883 -3980.054226705823 -5174.721351746448
1529603399 -1800.6629196236108 -3984.842027059332 -5178.786078175128
1529603401 -1785.9061258663 -3988.0084637329205 -5181.462749184773
1529603413 -1697.1759129379568 -4006.57903017064 -5196.965215876347
1529603417 -1667.5292424787556 -4012.605686315631 -5201.919914104738
1529603431 -1563.5010864712626 -4033.0529534318794 -5218.421757530389
1529603438 -1511.3386979916581 -4042.89853505798 -5226.181944470203
1529603452 -1406.7336207691076 -4061.8305388077324 -5240.718445142393
1529603460 -1346.799652243702 -4072.1929006933974 -5248.434911721416
1529603465 -1309.2846319779667 -4078.500532642861 -5253.039420629635
1529603480 -1196.4940128404062 -4096.641787597737 -5265.8437798152045
1529603482 -1181.4286769802463 -4098.971837378262 -5267.436516026549
1529603491 -1113.5608377054914 -4109.197989039048 -5274.270018794557
1529603501 -1038.0171529092038 -4120.062169393902 -5281.221489789631
1529603521 -886.5426372688971 -4140.2117301168155 -5293.095784392155
1529603533 -795.4355094517056 -4151.287698596273 -5298.92007984008
1529603541 -734.6152854291357 -4158.247979815065 -5302.260466845953
1529603547 -688.9603958559416 -4163.245359379273 -5304.480768506795
1529603566 -544.1881318288854 -4177.807542973706 -5309.898994700099
1529603572 -498.415217747196 -4182.006601870102 -5311.100462792122
1529603590 -360.9675125952506 -4193.450358645422 -5313.236569153182
1529603604 -253.95775715331405 -4201.152663379702 -5313.374942893454
1529603607 -231.0180514136639 -4202.666510128408 -5313.231201813816
1529603624 -100.98339872808049 -4210.332870571565 -5311.260850414501
1529603628 -70.3796582058944 -4211.91118283956 -5310.511731432288
1529603632 -39.774788585839474 -4213.403487783513 -5309.653886179906
1529603633 -32.12311204484028 -4213.7631386913645 -5309.422427876066
1529603636 -9.168799046733577 -4214.809785088819 -5308.68731513264
1529603645 59.69402521558496 -4217.6592721353745 -5306.115153889867
1529603660 174.4482768643339 -4221.439579246928 -5300.606138216349
1529603676 296.7967616080959 -4224.136034683649 -5293.047713954144
1529603684 357.9371450853485 -4224.966867571477 -5288.618085034918
1529603697 457.2258223134301 -4225.581066936128 -5280.496296347949
1529603716 602.1567865457507 -4224.8396265447145 -5266.572284274985
1529603721 640.2528941395743 -4224.321029259312 -5262.503439492844
1529603724 663.101139129176 -4223.945180296047 -5259.981276236987
1529603742 800.0202844784284 -4220.6715960309875 -5243.577270207591
1529603758 921.4503492238226 -4216.296787503513 -5227.170514464604
1529603760 936.6089839697469 -4215.653049351878 -5224.999112536745
1529603764 966.9112240294224 -4214.301048182211 -5220.576166025049
1529603778 1072.8101502527577 -4208.891605796719 -5204.254549799148
1529603779 1080.364361753944 -4208.464920245683 -5203.038724900589
1529603791 1170.9052157029048 -4202.925921112098 -5187.929788120425
1529603809 1306.3075674505203 -4193.169670168489 -5163.474677723566
1529603810 1313.8145660831472 -4192.576784103416 -5162.053191053245
1529603828 1448.645463808771 -4180.990590445488 -5135.3383042090245
1529603844 1567.9938276862197 -4169.240306331504 -5109.803697982504
1529603852 1627.4783357975452 -4162.854106897931 -5096.408008558754
1529603870 1760.8249775431152 -4147.242777595454 -5064.743024458937
1529603885 1871.3934029088298 -4132.92300294664 -5036.750465960058
1529603902 1996.0531193056563 -4115.259320989017 -5003.272324101042
1529603918 2112.707887240441 -4097.247886950064 -4970.072518939384
1529603920 2127.241898574647 -4094.9022068370346 -4965.807815166926
1529603928 2185.2688788562673 -4085.3104760873725 -4948.494849929023
1529603937 2250.335852651482 -4074.1208320370542 -4928.533126852914
1529603953 2365.431195834838 -4053.188813227952 -4891.785179475744
1529603957 2394.085566944595 -4047.7485936938406 -4882.347250772176
1529603959 2408.3944511952564 -4044.99747255501 -4877.590769194492
1529603979 2550.7956981358348 -4016.352365736832 -4828.655847821586
1529603995 2663.7821796650774 -3991.958842899233 -4787.726190620377
1529603999 2691.894340089014 -3985.656242581691 -4777.2479759362195
1529604006 2740.95773803727 -3974.430894204438 -4758.675795450725
1529604008 2754.9444079155323 -3971.177967633919 -4753.31459585721
1529604020 2838.5670093030794 -3951.234931475423 -4720.636856960545
1529604036 2949.24908565266 -3923.5147702491413 -4675.713568133631
1529604049 3038.47013914215 -3900.047280468767 -4638.083952456137
1529604064 3140.6013633763523 -3871.923867991212 -4593.418324286028
1529604083 3268.668217903475 -3834.7048136154 -4534.943352791129
1529604098 3368.7121218756533 -3804.0715683708618 -4487.296293587144
1529604104 3408.4602685066884 -3791.5116487451032 -4467.8745423052105
1529604109 3441.464118589914 -3780.9118277284438 -4451.532295858906
1529604112 3461.2135855509764 -3774.4940102986543 -4441.6585627913755
1529604124 3539.811801188375 -3748.3893789726176 -4401.652404034783
1529604139 3637.142082392667 -3714.7895799463035 -4350.503752602494
1529604148 3695.0401683551654 -3694.11656606832 -4319.211668826272
1529604166 3809.6832563101266 -3651.625871747675 -4255.286019054773
1529604167 3816.006738868528 -3649.22070562807 -4251.682420320626
1529604172 3847.549583225016 -3637.1254819475853 -4233.583524086381
1529604179 3891.5031192248366 -3619.996975890659 -4208.017207790577
1529604184 3922.7495627857616 -3607.623473631794 -4189.59364749567
1529604197 4003.4012223141863 -3574.9140738813035 -4141.065801183201
1529604208 4070.9701818311933 -3546.6336747248483 -4099.30294734792
1529604211 4089.2892023095187 -3538.8255042741625 -4087.802519811216
1529604222 4156.055437281313 -3509.847790580973 -4045.231576032468
1529604240 4263.917976555099 -3461.2611785552626 -3974.2200598219574
1529604254 4346.592712112215 -3422.479565501303 -3917.8462125271017
1529604264 4404.9807327650815 -3394.252823432898 -3876.975585347111
1529604268 4428.178509346298 -3382.840529311874 -3860.4880088883033
1529604285 4525.753391378426 -3333.5689902438226 -3789.536156809771
1529604305 4638.404136508434 -3274.02700126742 -3704.267653968727
1529604310 4666.198473834773 -3258.878656115721 -3682.651914426526
1529604323 4737.763364699371 -3219.0067322323334 -3625.900335277965
1529604333 4792.117304020801 -3187.8622963038442 -3581.710015602812
1529604346 4861.860436269153 -3146.7656176604232 -3523.57663816889
1529604355 4909.5294423853375 -3117.915197833575 -3482.8823866079115
1529604375 5013.632758353495 -3052.6510875488316 -3391.161340433061
1529604387 5074.866799710823 -3012.740954846905 -3335.2906865915766
1529604397 5125.181852714409 -2979.058150491508 -3288.2605245883688
1529604413 5204.319406768337 -2924.3750073721353 -3212.1376038244234
1529604432 5296.079458292067 -2858.1964205835843 -3120.3735437437304
1529604442 5343.394605678577 -2822.8332829405836 -3071.4932543718055
1529604450 5380.754660287006 -2794.282598139894 -3032.105075085862
1529604460 5426.834697924279 -2758.27277388263 -2982.520109144127
1529604478 5508.024975676099 -2692.5687612236266 -2892.3069328341235
1529604495 5582.608535651254 -2629.489275821314 -2806.00045703065
1529604507 5634.014020229746 -2584.3758204991627 -2744.4499224367655
1529604524 5705.059017227697 -2519.651490929607 -2656.3873774759704
1529604528 5721.469636580898 -2504.2860007716804 -2635.52249615232
1529604542 5777.982150208278 -2450.1046407545896 -2562.0715139011227
1529604553 5821.368602359928 -2407.1015659874633 -2503.9067471207
1529604557 5836.9221588942455 -2391.3714019424474 -2482.6591613569835
1529604566 5871.480188677247 -2355.7997686349036 -2434.6660759117044
1529604583 5935.092486902618 -2287.9451688711633 -2343.3254282730713
1529604587 5949.74168551762 -2271.8555266704193 -2321.706030128376
1529604600 5996.508521844096 -2219.2441389875976 -2251.115419668439
1529604604 6010.637631492718 -2202.958972986795 -2229.296367178428
1529604624 6079.430638203939 -2120.862313936411 -2119.522337548505
1529604634 6112.661443510794 -2079.404029375499 -2064.223585668668
1529604644 6145.1095361667385 -2037.679268772896 -2008.65948597264
1529604648 6157.868531153087 -2020.9161259372825 -1986.3613851809569
1529604655 6179.893097436731 -1991.4810118479031 -1947.2415302840434
1529604667 6216.746419965112 -1940.7310074308948 -1879.8950798549224
1529604678 6249.5213857836725 -1893.8956226494636 -1817.855238688469
1529604689 6281.327826260912 -1846.7665210346647 -1755.5326010515998
1529604704 6323.130153282102 -1782.0398020650764 -1670.1094591850215
1529604723 6373.461770224476 -1699.3177188353052 -1561.2170359023644
1529604735 6403.732889980787 -1646.6646867065613 -1492.0663930517644
1529604741 6418.425730499553 -1620.2236317194404 -1457.3867401054965
1529604747 6432.822506762706 -1593.7078399319023 -1422.639668465798
1529604760 6462.996570728185 -1536.0066017347244 -1347.1309915155712
1529604772 6489.607555169577 -1482.4482076708919 -1277.1703735236258
1529604776 6498.212033831531 -1464.534070093809 -1253.7969258506898
1529604796 6539.232119111435 -1374.5208501460313 -1136.5532914449498
1529604799 6545.096565496297 -1360.9568366615197 -1118.9147097757807
1529604808 6562.236512895276 -1320.1715980369288 -1065.9225948758294
1529604828 6597.883801900052 -1229.0531052086294 -947.7728978363631
1529604839 6616.049059140772 -1178.6664723648792 -882.5791164028728
1529604842 6620.825297279401 -1164.8924731716577 -864.7745686212106
1529604843 6622.400384845748 -1160.2982074861202 -858.8375654582323
1529604862 6650.7120645192135 -1072.7309237966413 -745.832966226906
1529604867 6657.651533567807 -1049.602650386313 -716.035128982048
1529604868 6659.0138198905715 -1044.9729726968342 -710.0728172463998
1529604888 6684.464805429908 -952.1054480471162 -590.6443583920748
1529604900 6698.090866203825 -896.1476797794212 -518.8377437331079
1529604920 6718.051985304454 -802.5219479662862 -398.95283822260603
1529604935 6730.762408268488 -732.0299776936317 -308.9011927621803
1529604946 6738.84952724316 -680.2003972103015 -242.80491857885534
1529604953 6743.451562410435 -647.1627242520915 -200.72364181571157
1529604954 6744.074441228308 -642.4394989568868 -194.7106946290304
1529604968 6751.886098127876 -576.2328850291242 -110.50956461873025
1529604972 6753.806391112323 -557.2894900115683 -86.44619291036972
1529604973 6754.264815175034 -552.5518395364106 -80.43005271730046
1529604985 6759.0902183195485 -495.6461234587378 -8.230031135818228
1529604987 6759.773126783045 -486.1527188820865 3.803734411417373
1529605000 6763.366747775941 -424.38659973814254 82.02045164681132
1529605016 6765.777451947714 -348.2420030833229 178.2608026465065
1529605022 6766.108849710429 -319.65691244672655 214.33756540764426
1529605037 6765.570692546063 -248.13260230666262 304.4822815224465
1529605056 6762.086597010057 -157.4350926481729 418.5356455715018
1529605074 6755.897979082454 -71.44300487905413 526.408069104042
1529605079 6753.680586002338 -47.54967772897311 556.3354179706014
1529605090 6748.040131174197 5.020315641157402 622.1117409573945
1529605109 6735.831467537445 95.8164541098046 735.4913850571429
1529605127 6721.388420145336 181.7934478620646 842.5892982890484
1529605147 6702.064908601793 277.23343921754037 961.1733798060649
1529605157 6691.113051298197 324.903060700924 1020.2836503859676
1529605162 6685.3151618768825 348.72272172867724 1049.7901618644269
1529605179 6663.999997274329 429.62108896591474 1149.8537672339346
1529605194 6643.140745082746 500.8707688332367 1237.7914557879237
1529605214 6612.347098364831 595.6419977014205 1354.480102270012
1529605224 6595.677015050561 642.9159485314067 1412.5666918930758
1529605227 6590.510931323522 657.0822712370122 1429.9575037178636
1529605234 6578.160882092991 690.1074315699643 1470.4715658759153
1529605244 6559.800867867554 737.2105824138074 1528.1875063410018
1529605258 6532.683807721314 802.9946227743076 1608.6577050655314
1529605264 6520.559086581932 831.1267828913318 1643.0217503286801
1529605276 6495.406710844089 887.2750417040908 1711.5204383132607
1529605292 6460.004746342925 961.8825307979001 1802.3564910973626
1529605298 6446.18143592809 989.7802664144573 1836.2686419845186
1529605309 6420.066109413589 1040.8063205643325 1898.2187280320009
1529605328 6372.613036615183 1128.5574645032405 2004.5222789649665
1529605347 6322.2090873947645 1215.7860270121264 2109.8949535931765
1529605352 6308.4574257321365 1238.6488413559234 2137.4635687261934
1529605356 6297.31030653581 1256.910712602472 2159.469230616748
1529605361 6283.194826305091 1279.7015023570177 2186.9134739246338
1529605370 6257.279285141536 1320.6213856929844 2236.135724316759
1529605388 6203.500810998807 1402.0449160965788 2333.875674825043
1529605391 6194.286384010777 1415.559887769775 2350.07233635992
1529605404 6153.532674396494 1473.9333261679515 2419.9403414883354
1529605424 6088.232996726212 1563.1105837537325 2526.397348587871
1529605430 6068.032419905097 1589.7094702635159 2558.0834675315728
1529605435 6050.984642404158 1611.819039161829 2584.397961213
1529605445 6016.307268059356 1655.8827708855167 2636.777196553408
1529605453 5988.009633844413 1690.9810012638843 2678.4365747868223
1529605460 5962.845887410748 1721.578206869452 2714.7077948495103
1529605463 5951.946673890948 1734.6582100266462 2730.2002681421723
1529605469 5929.942108193084 1760.7581690516322 2761.0904229554994
1529605473 5915.120169120429 1778.113107094602 2781.6129845364903
1529605492 5843.063947117742 1860.0442184427384 2878.3056294970834
1529605497 5823.650685950009 1881.4635255238209 2903.5308493544653
1529605507 5784.264763019742 1924.1203022979535 2953.7001787612144
1529605524 5715.608863423741 1996.067617893988 3038.1127744332384
1529605544 5632.126935165496 2079.762475693 3135.9737202889846
1529605564 5545.755902574373 2162.390482715023 3232.2213759028577
1529605568 5528.13899098846 2178.7842263385373 3251.272829652312
1529605576 5492.565063711684 2211.4374257116465 3289.1748257081626
1529605580 5474.608777130457 2227.696211129699 3308.024587577359
1529605594 5410.879886638467 2284.2395793120213 3373.4598800989393
1529605599 5387.789086782194 2304.2952821353733 3396.6244550392644
1529605603 5369.1921971805 2320.2865576479276 3415.0773735893085
1529605617 5303.2377056694295 2375.8792988391688 3479.107098865597
1529605633 5226.230106625916 2438.681829421442 3551.209161629232
1529605634 5221.359929034852 2442.5806007721794 3555.676945350971
1529605652 5132.557356063031 2512.218549270247 3635.3101562047564
1529605662 5082.298990350969 2550.457064697275 3678.898358401149
1529605680 4990.196115671049 2618.4590678382583 3756.161300413126
1529605697 4901.3057396943705 2681.6850522023124 3827.695723764563
1529605711 4826.736902651021 2733.0083750026592 3885.5395066232486
1529605729 4729.083256410013 2797.9845080605596 3958.469157662345
1529605748 4623.873982256715 2865.309168260122 4033.66105785168
1529605759 4561.982286009591 2903.682387278696 4076.3396163294983
1529605779 4447.645472680269 2972.293980116251 4152.30796129286
1529605783 4424.502684734266 2985.8344405736675 4167.246538230755
1529605784 4418.702556120825 2989.210133265475 4170.96795037585
1529605794 4360.3930575645245 3022.7543701008008 4207.885013569542
1529605811 4259.988087570747 3078.888064960134 4269.40006280531
1529605826 4170.083654945601 3127.4713116014264 4322.3615956062995
1529605837 4103.387765055174 3162.526617940244 4360.4064158810015
1529605853 4005.2425233502813 3212.638992628441 4414.531909430426
1529605862 3949.4562397601067 3240.364980836893 4444.340215528196
1529605868 3912.037144908283 3258.662292226434 4463.955573026684
1529605875 3868.1535541290214 3279.819035706388 4486.578989532641
1529605890 3773.302842015839 3324.4595909796353 4534.104354719407
1529605893 3754.2013473542524 3333.2730196855273 4543.452456697769
1529605902 3696.6376639030163 3359.482323964715 4571.181099666433
1529605912 3632.2279594946444 3388.1947213168305 4601.432513165817
1529605920 3580.3647839143605 3410.852092780959 4625.207925004571
1529605936 3475.761702654357 3455.325700446703 4671.615429026229
1529605946 3409.8035836516196 3482.546925599391 4699.840495687912
1529605953 3363.372311203563 3501.3364691189536 4719.238882069113
1529605959 3323.405827027564 3517.2668540703767 4735.629582987243
1529605973 3229.557723557755 3553.805413369526 4773.021134877929
1529605985 3148.469890987567 3584.414101454911 4804.114479665586
1529605988 3128.1067024158688 3591.963090652914 4811.74906835841
1529605997 3066.801342281898 3614.3612511307138 4834.318655425117
1529606008 2991.440702916788 3641.227146007674 4861.220140182289
1529606025 2874.066437921781 3681.6350956033148 4901.306747041648
1529606036 2797.5485804202494 3707.0557988568335 4926.27604120544
1529606044 2741.6257526263926 3725.1829077503235 4943.954727591172
1529606061 2622.0495894485794 3762.6866504191808 4980.169884324802
1529606065 2593.771400618797 3771.309031443913 4988.422757953493
1529606070 2558.348668663778 3781.9783448729863 4998.594679490634
1529606081 2480.13184175208 3805.0238898701723 5020.407176439522
1529606096 2372.855442642899 3835.4981748369755 5048.8927860567455
1529606113 2250.45031098968 3868.6985079721567 5079.411368453368
1529606127 2149.0182730301635 3894.964883757045 5103.128502257299
1529606144 2025.1278511347036 3925.54413782236 5130.199459632339
1529606145 2017.816412431429 3927.297751250528 5131.732628869767
1529606163 1885.776632174843 3958.0004004607176 5158.2004041726095
1529606173 1812.079624027581 3974.348224929604 5171.9774607612335
1529606176 1789.9249075425648 3979.153351342895 5175.981050566286
1529606177 1782.5354028337483 3980.7448664307317 5177.302281257403
1529606190 1686.2668667856576 4000.9698291408326 5193.872400913344
1529606197 1634.2774217609663 4011.501632326629 5202.3278315395
1529606198 1626.8419492270596 4012.9856237155645 5203.50901718802
1529606212 1522.530217920856 4033.220904521634 5219.342992423903
1529606231 1380.3576824019995 4059.062187471114 5238.7288322754275
1529606235 1350.343252638339 4064.263591893738 5242.500688226321
1529606242 1297.7514612008158 4073.1655610624166 5248.842086487894
1529606261 1154.6010692685647 4096.0375109089555 5264.387541915326
1529606262 1147.0515133875117 4097.18890164824 5265.138136545738
1529606270 1086.6026692736814 4106.210972912407 5270.899295481103
1529606277 1033.6366345314204 4113.829116379944 5275.584765733005
1529606292 919.9237926055341 4129.283444010608 5284.506225403846
1529606301 851.566759057116 4137.9849383351575 5289.125922959896
1529606309 790.7305062458066 4145.359118437607 5292.770204516534
1529606327 653.6192504221962 4160.707365030652 5299.378064794469
1529606328 645.9935282083213 4161.509453860087 5299.680500407759
1529606333 607.8523906601683 4165.439930992934 5301.0905363124
1529606340 554.4227920411918 4170.718377337623 5302.77847765883
1529606360 401.5855313378534 4184.35587612591 5305.7612050995795
1529606379 256.19824932747434 4195.32532749508 5306.068951237436
1529606385 210.25865310936825 4198.386442125203 5305.654765725847
1529606400 95.37202217155071 4205.191683643395 5303.545587805175
1529606416 -27.203170254064688 4211.114335553534 5299.605725152967
1529606418 -42.525189444429145 4211.757577153325 5298.990634579796
1529606427 -111.47075319269285 4214.38499788876 5295.885701387525
1529606437 -188.06332954060647 4216.791349443509 5291.789267625426
1529606438 -195.7213621249291 4217.002269952544 5291.342217493022
1529606451 -295.2497009772016 4219.252437795253 5284.9119994296125
1529606462 -379.41726825248304 4220.44280641167 5278.574495975116
1529606477 -494.0936479300229 4221.01145085054 5268.609914692794
1529606482 -532.2891858791388 4220.930558796494 5264.9496924935665
1529606487 -570.4673644701335 4220.714447500341 5261.120347797266
1529606505 -707.7496372011049 4218.816946950765 5245.935961828208
1529606516 -791.5030819515283 4216.795011199949 5235.5809046392715
1529606518 -806.718119909629 4216.357129007803 5233.6106530550815
1529606536 -943.4589406373956 4211.443866083524 5214.668793781574
1529606538 -958.6291198403233 4210.789969327564 5212.429968191192
1529606557 -1102.490665920312 4203.501846698615 5189.826155624315
1529606569 -1193.0917245075348 4197.896612252087 5174.30875045629
1529606589 -1343.5963522222535 4186.833479322421 5146.319650621956
1529606608 -1485.9389896514372 4174.33531549117 5117.279025747129
1529606609 -1493.412190038429 4173.623966289267 5115.684683593594
1529606616 -1545.6707611598224 4168.494759409907 5104.340215782226
1529606618 -1560.5840089453586 4166.98117959487 5101.039874775644
1529606636 -1694.4346242738154 4152.3984679423465 5070.158456011652
1529606654 -1827.5818568978536 4136.091262654141 5037.16529730489
1529606663 -1893.8741427381294 4127.293072312377 5019.881111963956
1529606668 -1930.6187922706124 4122.219936572046 5010.052764482348
1529606683 -2040.476513625911 4106.208590772998 4979.602942945799
1529606686 -2062.378327738266 4102.864063319267 4973.339874103486
1529606692 -2106.1106123418667 4096.032989688045 4960.641086325459
1529606706 -2207.7710324766854 4079.359243929315 4930.11874950245
1529606712 -2251.171489805482 4071.8993086995833 4916.6569582603
1529606724 -2337.658416728413 4056.416040400498 4889.051369732597
1529606744 -2480.8367751112246 4028.947786847567 4841.032935319555
1529606747 -2502.205454011237 4024.649007937906 4833.614848363685
1529606760 -2594.466816373197 4005.484822991439 4800.824314187389
1529606772 -2679.1326574044006 3987.0243255685627 4769.629943956932
1529606776 -2707.2452570364153 3980.707102914408 4759.035332264448
1529606790 -2805.1987442801974 3957.9544068099713 4721.184301691034
1529606810 -2943.903253625854 3923.7264044427325 4665.049510083114
1529606817 -2992.0966947527913 3911.2701979562157 4644.833880326995
1529606823 -3033.2558649260113 3900.397788737084 4627.273153190008
1529606843 -3169.43069996229 3862.8588536935144 4567.194826836001
1529606854 -3243.638512924917 3841.3664447357355 4533.148069733576
1529606866 -3324.017677154417 3817.2404983456267 4495.20184032194
1529606873 -3370.6230708387284 3802.8411234468344 4472.681518172467
1529606877 -3397.1599141384304 3794.5055059130564 4459.686040735003
1529606882 -3430.2327961042006 3783.976515578911 4443.312680393959
1529606898 -3535.321309833895 3749.4701194470535 4389.960450171852
1529606901 -3554.8971029458194 3742.8627869944276 4379.795475618387
1529606920 -3677.915558865976 3700.0158117130104 4314.244194366067
1529606922 -3690.7666944227653 3695.4056106681564 4307.2270154144535
1529606930 -3741.981450869955 3676.7753267052126 4278.936864257794
1529606949 -3862.3776600696247 3631.3213307145334 4210.339926281864
1529606963 -3949.948847872799 3596.7516885579694 4158.541851200694
1529606980 -4054.9483088850293 3553.559005174796 4094.23528830911
1529606981 -4061.078259125271 3550.9770852133424 4090.404927245855
1529607000 -4176.5488443650775 3501.0585266760854 4016.6333553581676
1529607009 -4230.573719389129 3476.845325259662 3981.0353940025375
1529607012 -4248.484413552635 3468.6939008843196 3969.0771142662843
1529607017 -4278.22667632523 3455.0191106774655 3949.0444006430316
1529607024 -4319.634961499667 3435.6883393498706 3920.7853643589738
1529607027 -4337.29827338433 3427.3375682870737 3908.5986281448754
1529607047 -4453.764449330993 3370.6585420526785 3826.203141791992
1529607049 -4465.28623763081 3364.8950277312283 3817.8546041505397
1529607059 -4522.5504043660985 3335.818836958972 3775.8177878731794
1529607076 -4618.563849880836 3285.408676436515 3703.242600009802
1529607084 -4663.1559665145705 3261.263493861945 3668.6113352285415
1529607098 -4740.2683540974085 3218.3659997393106 3607.281105706561
1529607118 -4848.355382814895 3155.6822334027634 3518.0918178970196
1529607126 -4890.89633424578 3130.153230018589 3481.9062675001824
1529607136 -4943.507256372501 3097.8805155564096 3436.271137622911
1529607138 -4953.953423786031 3091.378173051455 3427.0909131224707
1529607142 -4974.769604671524 3078.3257711277615 3408.6773838210506
1529607147 -5000.6458361471305 3061.921554981262 3385.5620139194966
1529607150 -5016.094804823021 3052.031692707155 3371.6402557487227
1529607164 -5087.420306958871 3005.414979776201 3306.158626520888
1529607171 -5122.6039542594135 2981.822449774223 3273.1041177374404
1529607186 -5196.910196645386 2930.636923844385 3201.5798353980917
1529607194 -5235.927626330493 2902.99097807603 3163.053117477967
1529607204 -5284.094008190981 2868.098423137205 3114.5286154386577
1529607211 -5317.407249813113 2843.4542319444663 3080.322429483391
1529607217 -5345.695312005433 2822.188183793191 3050.8480502596576
1529607222 -5369.079853126555 2804.366910548078 3026.1781471112913
1529607232 -5415.331552384728 2768.4546062523 2976.5464965361493
1529607252 -5505.742827747186 2695.568577241253 2876.1402129128937
1529607254 -5514.62933330087 2688.203091240156 2866.017086423601
1529607272 -5593.326632828131 2621.2980055686257 2774.2523388127725
1529607292 -5678.037682811836 2545.681125239786 2670.9354947931083
1529607300 -5711.107877012329 2515.0661028113177 2629.220572025515
1529607313 -5763.84474937025 2464.8769088970175 2560.9730926649913
1529607326 -5815.33059600136 2414.152946122592 2492.1684452388768
1529607331 -5834.797491596463 2394.5035206660436 2465.559736034716
1529607349 -5903.322574531084 2323.133862614805 2369.1175917411583
1529607357 -5932.991570862678 2291.101789365545 2325.9344491539046
1529607365 -5962.172775656296 2258.881568011905 2282.55980112978
1529607367 -5969.391564113988 2250.7974398814786 2271.6866556456202
1529607380 -6015.564868974434 2197.9703059017197 2200.728009465874
1529607397 -6073.973714684392 2128.1707489953765 2107.215685826646
1529607407 -6107.280106571057 2086.7415681087423 2051.8398390829566
1529607419 -6146.212147603665 2036.6731238049447 1985.0404256292554
1529607438 -6205.526900372918 1956.6316531863542 1878.5269309708108
1529607450 -6241.508235685403 1905.609251035836 1810.8018952327361
1529607463 -6279.1851381018105 1849.9375927123267 1737.0545233465364
1529607466 -6287.686493398172 1837.0329015054062 1719.9817203856949
1529607483 -6334.485446693988 1763.5090868949933 1622.8643461011907
1529607493 -6360.916912448393 1719.9523871251577 1565.4521329785987
1529607498 -6373.82653540703 1698.0907582788038 1536.6698314582325
1529607514 -6413.759864379672 1627.7708162325948 1444.2387873377452
1529607527 -6444.653423277698 1570.2408175042426 1368.7866416624038
1529607544 -6482.941115157926 1494.496641434169 1269.6710150123988
1529607553 -6502.237687923943 1454.170517326116 1217.004481228211
1529607572 -6540.751146534242 1368.5457394629627 1105.4090854339695
1529607586 -6567.189810459334 1305.045756681822 1022.8493653786315
1529607591 -6576.231927541739 1282.2866249100307 993.299933777312
1529607600 -6591.975370815779 1241.2170700395006 940.0311829522732
1529607617 -6619.840709214509 1163.2921960951053 839.1490796006166
1529607635 -6646.666795619007 1080.3137285029525 731.9933607287127
1529607641 -6654.994753054096 1052.5525722935065 696.2046148342085
1529607658 -6676.918415832013 973.6361119346614 594.6335746470683
1529607675 -6696.3639526973775 894.3582915291715 492.84120340465495
1529607679 -6700.57845807172 875.6552554776086 468.8618654879538
1529607692 -6713.324243368616 814.7483541663864 390.86515267681324
1529607709 -6727.7929800163465 734.8362312375721 288.7438651887822
1529607728 -6741.0090298325495 645.2011972988145 174.4827152667908
1529607736 -6745.639115863513 607.3682993163914 126.34548562386242
1529607756 -6754.788225433541 512.5745869401288 5.965656211108881
1529607764 -6757.476670688554 474.58062067714377 -42.190656807505825
1529607784 -6761.767937215024 379.43182712136564 -162.55766672543268
1529607802 -6762.660999358138 293.62985561032787 -270.818229089662
1529607808 -6762.333535962346 265.0004841691442 -306.8819640198332
1529607827 -6759.23475717648 174.26573958776376 -420.9827122278325
1529607836 -6756.673423863628 131.25544111470845 -474.96528467004504
1529607842 -6754.575511615239 102.57398654926678 -510.92657623363334
1529607857 -6747.965280302454 30.852609098946676 -600.7224398134572
1529607861 -6745.873284372651 11.724458876635255 -624.6398007795557
1529607868 -6741.878967009541 -21.74980988863728 -666.4635059833357
1529607871 -6740.037264049857 -36.0958212386324 -684.3754755726766
1529607890 -6726.56602513616 -126.93653151393774 -797.6242202461348
1529607909 -6709.97803740485 -217.7186140879869 -910.5025662936985
1529607913 -6706.089385143395 -236.81925758347396 -934.2143625870127
1529607922 -6696.836593934546 -279.77708652271343 -987.4945193772164
1529607942 -6673.783956273026 -375.1282468161098 -1105.518150032129
1529607946 -6668.761904773589 -394.1770511068684 -1129.056665097368
1529607953 -6659.643939565359 -427.49260449475537 -1170.1926549221073
1529607957 -6654.2456572105575 -446.51801958241583 -1193.665835085622
1529607969 -6637.23143946725 -503.53807930427394 -1263.9364492086506
1529607972 -6632.786164238605 -517.778872027925 -1281.4678969078657
1529607988 -6607.785527645471 -593.6253445047108 -1374.7140629576343
1529607995 -6596.164780710438 -626.7482701677991 -1415.3685985714058
1529607996 -6594.470814571452 -631.4769214952687 -1421.1691311092259
1529608003 -6582.376208855506 -664.5546460584687 -1461.721474025732
1529608021 -6549.377671191216 -749.4147165542423 -1565.5695074054413
1529608032 -6527.870846433625 -801.1227013831711 -1628.7138723943121
1529608049 -6492.64142257048 -880.787388481636 -1725.7981928713045
1529608067 -6452.7167583965 -964.7817135754653 -1827.893279875099
1529608068 -6450.419951664879 -969.4366102953086 -1833.5432595161217
1529608081 -6419.809533312454 -1029.8353265170356 -1906.7761983876708
1529608101 -6370.002115995499 -1122.3160062684135 -2018.6274113478428
1529608103 -6364.841263813518 -1131.5331366684363 -2029.7562984726717
1529608108 -6351.796256483107 -1154.5506521366033 -2057.5329348196865
1529608112 -6341.213707665719 -1172.9379031535054 -2079.7064809835956
1529608119 -6322.381227059564 -1205.0576459617128 -2118.4071716845892
1529608128 -6297.58444984182 -1246.243056932519 -2167.9688878957763
1529608139 -6266.389520128655 -1296.4043206335455 -2228.236840891323
1529608156 -6216.268854507392 -1373.5280130107462 -2320.69313386139
1529608164 -6191.884597164179 -1409.647184519695 -2363.9057206488696
1529608175 -6157.527132551307 -1459.121721602402 -2423.004865636592
1529608190 -6109.138123617152 -1526.2206641777743 -2502.9852903140013
1529608205 -6058.987369932274 -1592.8794750018876 -2582.241829343498
1529608221 -6003.567892116524 -1663.4754485023234 -2665.958477351954
1529608233 -5960.709715439309 -1716.0656536880317 -2728.171969589613
1529608248 -5905.591347727271 -1781.3569094575746 -2805.2274548208247
1529608261 -5856.444511781929 -1837.5278174993878 -2871.3534915216455
1529608272 -5813.867714210323 -1884.7469806211755 -2926.820115938251
1529608282 -5774.379443511713 -1927.4200183702728 -2976.84954916149
1529608297 -5713.7616428590745 -1990.9650212403646 -3051.1747489223967
1529608310 -5659.893543682542 -2045.5739226098538 -3114.877404079069
1529608327 -5587.604094918018 -2116.315566259068 -3197.1584005983063
1529608344 -5513.246495609928 -2186.27412396071 -3278.2529103372485
1529608349 -5490.987228387462 -2206.6971998814006 -3301.873856478732
1529608350 -5486.514258694052 -2210.7733590034877 -3306.5853493776344
1529608366 -5413.994699925697 -2275.6038719295134 -3381.388236149905
1529608371 -5390.967457982063 -2295.711284518851 -3404.537162526255
1529608381 -5344.3956912211115 -2335.70535114924 -3450.506793359078
1529608393 -5287.607224125435 -2383.3028500921337 -3505.0848002491034
1529608411 -5200.60000964862 -2453.8728783314964 -3585.734015125827
1529608414 -5185.888230952617 -2465.5363157904376 -3599.031365716035
1529608429 -5111.436277839477 -2523.425114924434 -3664.891744092575
1529608436 -5076.18697733862 -2550.192225394754 -3695.265535735569
1529608449 -5009.881121300793 -2599.4770511588004 -3751.056035766991
1529608460 -4952.929472829028 -2640.740816950103 -3797.6282978655213
1529608464 -4932.02904704512 -2655.6448785343673 -3814.417946248355
1529608480 -4847.422355130869 -2714.7141074045744 -3880.7896131404223
1529608498 -4750.343519091648 -2780.1031907001275 -3953.9329208430545
1529608512 -4673.474323283072 -2830.1661409224316 -4009.687467893135
1529608516 -4651.295530654994 -2844.340113572884 -4025.432829351264
1529608532 -4561.633431569397 -2900.4507068749317 -4087.5845230559585
1529608543 -4499.122617019179 -2938.4768875103105 -4129.536356161027
1529608553 -4441.6899109682 -2972.651839086209 -4167.118567972064
1529608568 -4354.4783410776045 -3023.199973610047 -4222.48814587082
1529608574 -4319.241442172607 -3043.176504245566 -4244.2957349388425
1529608587 -4242.215187615206 -3085.9770352262753 -4290.871818997991
1529608592 -4212.344552796931 -3102.2617976129777 -4308.538728989124
1529608609 -4109.783346438097 -3156.8849937485215 -4367.569566735869
1529608629 -3987.181837527451 -3219.6529055094347 -4434.944196002323
1529608646 -3881.3652774090933 -3271.7124389228943 -4490.42580984441
1529608666 -3755.0424493962323 -3331.4103506479914 -4553.567135895683
1529608681 -3659.037077876109 -3375.0677646498602 -4599.392780695722
1529608694 -3574.9803175634556 -3412.1196751289112 -4638.036001567614
1529608702 -3522.868236513423 -3434.555068336698 -4661.317655640145
1529608718 -3417.7840709174734 -3478.581419354631 -4706.732192461749
1529608734 -3311.581993487643 -3521.4699709774372 -4750.602775847516
1529608754 -3177.3102821849457 -3573.4594860198877 -4803.24818616376
1529608773 -3048.247524877873 -3621.1585478005477 -4850.981741857629
1529608792 -2917.7788974625414 -3667.1879331631544 -4896.472074262536
1529608805 -2827.7320798249534 -3697.708731092063 -4926.293693029118
1529608820 -2723.074823678164 -3731.932849448357 -4959.377751694706
1529608834 -2624.68812223901 -3762.908066828911 -4988.966981659777
1529608845 -2546.9223398846007 -3786.5853393901543 -5011.33743587569
1529608852 -2497.2292618408133 -3801.3483252361143 -5025.169100961941
1529608855 -2475.88405065196 -3807.602608379722 -5031.000520769856
1529608861 -2433.1090860402423 -3819.9796616227127 -5042.489184053652
