9701201201803101520195542  01   12172038  +15585   1  50451923400667+6 +8   190R
0401401267504050320170296  010  14102706  +36412   50 5
1304301267519052020540139  020  22141758  +19228   60 5
1304301267519052020545049  010  22141963  +35300  100 5
9107605267519052021454266  010  22011396  +79461   20 5
9107604267519052021472929  010  22235200  +77335   15 5
9107604267519052021481766  010  22202419  +69252   20 5
7609101267519052021530195  010  22180829  +50368   30 5
7609101267519052021532592  010  22172062  +45066   30 5
7609101267519052021534749  010  22164396  +38446   30 5
0706002267519052021590515  010  22104534  +65055   15 5
0706002267519052022000580  010  22121685  +63423   15 5
0706002267519052022003951  010  22125838  +61413   20 5
8704306267519052022073374  010  22201346  +60385   10 5
8704306267519052022075825  010  22193798  +51161   15 5
8704306267519052022074124  010  22200026  +57443   30 5
1307201267519052022092957  010  22185161  +36323   10 5
1307201267519052022102018  010  22183391  +47522   10 5
0702701267519052022155325  010  22230044  +80515   20 5
0702703267519052022155946  010  22230231  +80408   20 5
9107603267519052022204861  010  22171691  +89023   10 5
9107603267519052022212361  010  22175232  +76000   10 5
9503301267519052022243703  010  22173659  +73029   20 5
9503301267519052022245975  010  22203410  +82018   20 5
9806701267519052022271436  010  22184404  +23210   30 5
0500401267519052022301576  010  22184884  +19210   15 5
0500403267519052022302221  010  22184909  +19147   40 5
8704305267519052022502983  010  22151639  +75143   15 5
8704305267519052022505391  010  22163692  +63043   10 5
1805202267519052023152056  010  22234641  +46081   50 5
1307201267519052023531260  010  22173643  +20031   30 5
1307201267519052023532729  010  22172421  +22590   20 5
1307201267519052023540747  010  22164207  +31375   20 5
8704306267519052023580686  010  22135386  +13464   30 5
8704306267519052023583230  010  22142679  +08229   10 5
8704306267519052023585961  010  22145670  +02588   20 5
7704401267519052100052723  010  22104422  +49501   15 5
7704401267519052100050198  010  22095435  +57444   20 5
1802102267519052100080069  010  22185581  +43548   20 5
1802102267519052100081898  010  22193021  +56387   10 5
1505815267519052100125548  010  22180812  +14279   30 5
1505815267519052100131108  010  22182947  +17521   30 5
1505815267519052100133281  010  22190099  +22307   30 5
0401401267504050320171054  010  12102406  +41279   50 5
0401402267504050320192783  020  12100282  +21570   20 5
0401402267504050320200763  020  12090786  +47320  100 5
9906701267504050320381348  020  12114955  +16154   15 5
9607201267504050320421970  010  12153504  +26400   60 5
9607201267504050320423927  010  12162845  +41547   40 5
9107603267504050320472151  010  12135798  +22002   50 5
9107604267504050320473073  010  12135931  +21233   50 5
9107603267504050320480282  010  12144997  +28369   10 5
9107605267504050320483131  010  12152189  +32549   20 5
